time_s	dy_m
0.000000	0.000003
0.033344	-0.000007
0.066688	0.000880
0.100032	0.001765
0.133375	-0.000884
0.166719	0.000867
0.200063	0.000003
0.233407	0.000003
0.266751	0.000003
0.300095	0.000003
0.333438	0.000003
0.366782	0.000003
0.400126	0.000003
0.433470	0.000003
0.466814	0.000003
0.500158	0.000003
0.533501	0.000003
0.566845	0.000003
0.600189	0.000003
0.633533	0.000003
0.666877	0.000003
0.700221	0.001796
0.733565	0.000003
0.766908	0.000003
0.800252	0.001796
0.833596	0.000003
0.866940	0.000003
0.900284	0.001796
0.933628	0.001794
0.966971	0.001787
1.000315	0.000890
1.033659	0.000890
1.067003	0.000890
1.100347	0.000890
1.133691	0.000890
1.167034	0.000890
1.200378	0.000890
1.233722	0.000890
1.267066	0.000890
1.300410	0.000890
1.333754	0.002683
1.367098	0.000890
1.400441	0.000890
1.433785	0.000890
1.467129	0.002681
1.500473	0.002681
1.533817	0.000890
1.567161	0.002683
1.600504	0.002681
1.633848	0.002681
1.667192	0.000890
1.700536	0.002683
1.733880	0.002678
1.767224	0.002678
1.800567	0.002683
1.833911	0.002678
1.867255	0.002674
1.900599	0.003571
1.933943	0.001777
1.967287	0.001777
2.000630	0.003571
2.033974	0.003569
2.067318	0.001777
2.100662	0.003571
2.134006	0.003569
2.167350	0.003569
2.200694	0.003571
2.234037	0.003569
2.267381	0.003569
2.300725	0.003571
2.334069	0.003569
2.367413	0.003569
2.400757	0.003571
2.434100	0.003569
2.467444	0.003569
2.500788	0.003571
2.534132	0.003569
2.567476	0.003566
2.600820	0.003561
2.634163	0.004458
2.667507	0.002665
2.700851	0.002665
2.734195	0.002665
2.767539	0.004456
2.800883	0.004456
2.834227	0.004456
2.867570	0.002665
2.900914	0.004458
2.934258	0.004456
2.967602	0.004456
3.000946	0.004458
3.034290	0.004456
3.067633	0.004456
3.100977	0.004458
3.134321	0.004456
3.167665	0.004456
3.201009	0.004449
3.234353	0.005345
3.267696	0.003552
3.301040	0.003552
3.334384	0.005346
3.367728	0.003552
3.401072	0.003552
3.434416	0.003578
3.467760	0.004442
3.501103	0.004443
3.534447	0.004442
3.567791	0.004442
3.601135	0.004442
3.634479	0.004443
3.667823	0.004442
3.701166	0.004439
3.734510	0.004443
3.767854	0.004442
3.801198	0.004442
3.834542	0.004439
3.867886	0.004439
3.901229	0.004463
3.934573	0.005330
3.967917	0.005354
4.001261	0.004451
4.034605	0.005345
4.067949	0.005338
4.101293	0.006231
4.134636	0.006232
4.167980	0.006231
4.201324	0.006231
4.234668	0.006232
4.268012	0.006231
4.301356	0.006231
4.334699	0.006232
4.368043	0.006231
4.401387	0.006231
4.434731	0.006233
4.468075	0.006231
4.501419	0.006231
4.534762	0.006231
4.568106	0.006232
4.601450	0.006231
4.634794	0.006231
4.668138	0.006232
4.701482	0.006231
4.734825	0.006231
4.768169	0.006232
4.801513	0.006231
4.834857	0.006231
4.868201	0.006232
4.901545	0.006231
4.934889	0.006231
4.968232	0.006232
5.001576	0.006231
5.034920	0.006231
5.068264	0.006232
5.101608	0.006231
5.134952	0.006230
5.168295	0.006232
5.201639	0.006231
5.234983	0.006232
5.268327	0.006231
5.301671	0.006231
5.335015	0.006232
5.368358	0.006231
5.401702	0.006231
5.435046	0.006232
5.468390	0.006231
5.501734	0.006231
5.535078	0.006232
5.568422	0.006231
5.601765	0.006231
5.635109	0.006232
5.668453	0.006231
5.701797	0.006227
5.735141	0.006232
5.768485	0.006231
5.801828	0.006227
5.835172	0.006232
5.868516	0.006227
5.901860	0.006226
5.935204	0.005327
5.968548	0.007121
6.001891	0.007118
6.035235	0.007118
6.068579	0.007121
6.101923	0.007118
6.135267	0.007118
6.168611	0.007118
6.201955	0.007121
6.235298	0.007118
6.268642	0.007118
6.301986	0.007121
6.335330	0.007118
6.368674	0.007118
6.402018	0.007121
6.435361	0.007118
6.468705	0.007118
6.502049	0.007121
6.535393	0.007118
6.568737	0.007118
6.602081	0.007121
6.635424	0.007118
6.668768	0.007118
6.702112	0.007121
6.735456	0.007118
6.768800	0.007113
6.802144	0.006239
6.835488	0.007129
6.868831	0.006226
6.902175	0.007120
6.935519	0.007111
6.968863	0.006239
7.002207	0.007127
7.035551	0.008016
7.068894	0.007117
7.102238	0.007113
7.135582	0.008005
7.168926	0.008005
7.202270	0.008008
7.235614	0.008005
7.268957	0.008005
7.302301	0.008008
7.335645	0.008005
7.368989	0.008005
7.402333	0.008008
7.435677	0.008005
7.469021	0.008004
7.502364	0.008008
7.535708	0.008005
7.569052	0.008005
7.602396	0.008007
7.635740	0.008001
7.669084	0.008004
7.702427	0.007998
7.735771	0.007128
7.769115	0.008015
7.802459	0.008907
7.835803	0.008907
7.869147	0.008907
7.902490	0.008907
7.935834	0.008908
7.969178	0.008908
8.002522	0.008908
8.035866	0.008907
8.069210	0.008907
8.102553	0.008907
8.135897	0.008907
8.169241	0.008907
8.202585	0.008907
8.235929	0.008907
8.269273	0.008907
8.302617	0.008907
8.335960	0.008907
8.369304	0.008907
8.402648	0.008907
8.435992	0.008903
8.469336	0.008000
8.502680	0.008894
8.536023	0.008887
8.569367	0.008014
8.602711	0.008902
8.636055	0.009790
8.669399	0.008887
8.702743	0.009780
8.736086	0.009780
8.769430	0.009780
8.802774	0.009783
8.836118	0.009780
8.869462	0.009783
8.902806	0.009780
8.936150	0.009780
8.969493	0.009780
9.002837	0.009782
9.036181	0.009780
9.069525	0.009779
9.102869	0.009782
9.136213	0.009779
9.169556	0.009775
9.202900	0.008901
9.236244	0.009790
9.269588	0.010682
9.302932	0.010682
9.336276	0.010685
9.369619	0.010685
9.402963	0.010688
9.436307	0.009790
9.469651	0.010688
9.502995	0.009790
9.536339	0.010688
9.569683	0.009790
9.603026	0.010688
9.636370	0.009790
9.669714	0.010658
9.703058	0.009789
9.736402	0.010682
9.769746	0.010682
9.803089	0.008886
9.836433	0.009776
9.869777	0.009779
9.903121	0.009782
9.936465	0.009779
9.969809	0.009779
10.003152	0.009782
10.036496	0.009776
10.069840	0.009779
10.103184	0.009782
10.136528	0.009776
10.169872	0.009779
10.203216	0.009782
10.236559	0.009779
10.269903	0.009773
10.303247	0.008896
10.336591	0.010657
10.369935	0.009788
10.403279	0.010683
10.436622	0.010683
10.469966	0.010657
10.503310	0.009789
10.536654	0.010678
10.569998	0.009775
10.603342	0.010669
10.636685	0.010662
10.670029	0.009788
10.703373	0.010678
10.736717	0.011569
10.770061	0.011569
10.803405	0.011569
10.836749	0.011570
10.870092	0.011570
10.903436	0.011569
10.936780	0.011570
10.970124	0.011570
11.003468	0.011570
11.036812	0.011569
11.070155	0.011570
11.103499	0.011544
11.136843	0.010677
11.170187	0.011569
11.203531	0.011569
11.236875	0.011569
11.270218	0.011569
11.303562	0.011569
11.336906	0.011569
11.370250	0.011569
11.403594	0.011569
11.436938	0.011565
11.470281	0.012463
11.503625	0.011565
11.536969	0.012463
11.570313	0.011565
11.603657	0.012456
11.637001	0.012456
11.670345	0.012456
11.703688	0.012456
11.737032	0.012456
11.770376	0.012456
11.803720	0.012456
11.837064	0.012456
11.870408	0.012456
11.903751	0.012456
11.937095	0.012456
11.970439	0.012456
12.003783	0.012456
12.037127	0.012452
12.070471	0.011553
12.103814	0.011549
12.137158	0.012441
12.170502	0.012444
12.203846	0.012441
12.237190	0.012441
12.270534	0.012444
12.303878	0.012444
12.337221	0.012444
12.370565	0.012441
12.403909	0.012441
12.437253	0.012444
12.470597	0.012441
12.503941	0.012441
12.537284	0.012444
12.570628	0.012443
12.603972	0.012441
12.637316	0.012443
12.670660	0.012441
12.704004	0.012437
12.737347	0.013332
12.770691	0.013332
12.804035	0.013332
12.837379	0.013329
12.870723	0.013329
12.904067	0.013332
12.937411	0.013332
12.970754	0.013332
13.004098	0.013332
13.037442	0.013332
13.070786	0.013332
13.104130	0.013332
13.137474	0.013328
13.170817	0.013324
13.204161	0.012450
13.237505	0.013339
13.270849	0.014231
13.304193	0.014231
13.337537	0.014231
13.370880	0.014231
13.404224	0.014231
13.437568	0.014231
13.470912	0.014231
13.504256	0.014231
13.537600	0.014231
13.570944	0.014231
13.604287	0.014231
13.637631	0.014231
13.670975	0.014231
13.704319	0.014231
13.737663	0.014227
13.771007	0.013324
13.804350	0.014216
13.837694	0.014215
13.871038	0.014219
13.904382	0.014215
13.937726	0.014215
13.971070	0.014219
14.004413	0.014215
14.037757	0.014215
14.071101	0.014239
14.104445	0.015103
14.137789	0.015106
14.171133	0.015103
14.204476	0.015103
14.237820	0.015106
14.271164	0.015103
14.304508	0.015103
14.337852	0.015106
14.371196	0.015102
14.404540	0.015102
14.437883	0.015106
14.471227	0.015102
14.504571	0.015102
14.537915	0.016899
14.571259	0.016005
14.604603	0.016006
14.637946	0.016006
14.671290	0.016006
14.704634	0.016006
14.737978	0.016006
14.771322	0.016005
14.804666	0.016005
14.838009	0.016005
14.871353	0.016005
14.904697	0.016005
14.938041	0.016005
14.971385	0.016005
15.004729	0.016001
15.038073	0.015097
15.071416	0.015990
15.104760	0.015991
15.138104	0.015994
15.171448	0.015990
15.204792	0.015990
15.238136	0.015994
15.271479	0.015990
15.304823	0.015990
15.338167	0.017787
15.371511	0.016894
15.404855	0.016894
15.438199	0.016894
15.471542	0.016893
15.504886	0.016893
15.538230	0.016894
15.571574	0.016893
15.604918	0.016893
15.638262	0.016893
15.671606	0.016893
15.704949	0.016893
15.738293	0.016893
15.771637	0.016893
15.804981	0.016893
15.838325	0.016893
15.871669	0.016893
15.905012	0.016893
15.938356	0.016888
15.971700	0.017780
16.005044	0.017780
16.038388	0.017781
16.071732	0.017781
16.105075	0.017781
16.138419	0.017781
16.171763	0.017781
16.205107	0.017781
16.238451	0.017781
16.271795	0.017781
16.305139	0.017781
16.338482	0.017780
16.371826	0.017780
16.405170	0.017780
16.438514	0.017780
16.471858	0.017780
16.505202	0.017781
16.538545	0.017781
16.571889	0.017781
16.605233	0.017780
16.638577	0.017780
16.671921	0.017776
16.705265	0.018667
16.738608	0.018667
16.771952	0.018667
16.805296	0.018667
16.838640	0.018667
16.871984	0.018667
16.905328	0.018667
16.938672	0.018667
16.972015	0.018667
17.005359	0.018667
17.038703	0.018667
17.072047	0.018667
17.105391	0.018667
17.138735	0.018667
17.172078	0.018667
17.205422	0.018666
17.238766	0.018666
17.272110	0.018664
17.305454	0.019558
17.338798	0.019558
17.372141	0.019554
17.405485	0.019558
17.438829	0.019554
17.472173	0.019558
17.505517	0.019558
17.538861	0.019558
17.572204	0.019554
17.605548	0.019555
17.638892	0.019555
17.672236	0.019555
17.705580	0.019555
17.738924	0.019554
17.772268	0.019554
17.805611	0.019554
17.838955	0.019554
17.872299	0.019555
17.905643	0.019554
17.938987	0.019555
17.972331	0.019554
18.005674	0.019554
18.039018	0.019554
18.072362	0.019554
18.105706	0.019554
18.139050	0.019554
18.172394	0.019554
18.205737	0.019551
18.239081	0.020446
18.272425	0.020446
18.305769	0.020446
18.339113	0.020438
18.372457	0.019542
18.405801	0.019539
18.439144	0.019562
18.472488	0.018661
18.505832	0.019551
18.539176	0.020443
18.572520	0.020443
18.605864	0.020443
18.639207	0.020443
18.672551	0.020443
18.705895	0.020443
18.739239	0.020443
18.772583	0.020442
18.805927	0.020442
18.839270	0.020442
18.872614	0.020442
18.905958	0.020443
18.939302	0.020443
18.972646	0.020444
19.005990	0.020444
19.039334	0.020444
19.072677	0.020444
19.106021	0.020444
19.139365	0.020444
19.172709	0.020444
19.206053	0.020444
19.239397	0.020444
19.272740	0.020442
19.306084	0.020442
19.339428	0.020434
19.372772	0.021329
19.406116	0.021329
19.439460	0.021329
19.472803	0.021328
19.506147	0.021325
19.539491	0.020426
19.572835	0.020422
19.606179	0.021337
19.639523	0.020439
19.672867	0.021330
19.706210	0.021330
19.739554	0.021330
19.772898	0.021330
19.806242	0.021329
19.839586	0.021329
19.872930	0.021329
19.906273	0.021329
19.939617	0.021329
19.972961	0.021329
20.006305	0.021326
20.039649	0.022220
20.072993	0.022220
20.106336	0.022220
20.139680	0.022220
20.173024	0.022216
20.206368	0.022216
20.239712	0.022216
20.273056	0.022216
20.306400	0.022216
20.339743	0.022217
20.373087	0.022216
20.406431	0.022216
20.439775	0.022216
20.473119	0.022218
20.506463	0.022218
20.539806	0.022218
20.573150	0.022218
20.606494	0.022215
20.639838	0.022216
20.673182	0.022216
20.706526	0.022218
20.739869	0.022218
20.773213	0.022216
20.806557	0.022216
20.839901	0.022216
20.873245	0.022216
20.906589	0.022216
20.939932	0.022216
20.973276	0.022216
21.006620	0.022213
21.039964	0.023107
21.073308	0.023107
21.106652	0.023105
21.139996	0.023105
21.173339	0.023105
21.206683	0.023105
21.240027	0.023105
21.273371	0.023107
21.306715	0.023104
21.340059	0.023105
21.373402	0.023105
21.406746	0.023104
21.440090	0.023104
21.473434	0.023105
21.506778	0.023105
21.540122	0.023103
21.573465	0.023103
21.606809	0.023103
21.640153	0.023103
21.673497	0.023103
21.706841	0.023103
21.740185	0.023103
21.773529	0.023103
21.806872	0.023102
21.840216	0.023995
21.873560	0.023995
21.906904	0.023995
21.940248	0.023995
21.973592	0.023995
22.006935	0.023995
22.040279	0.023995
22.073623	0.023995
22.106967	0.023995
22.140311	0.023990
22.173655	0.023990
22.206998	0.023990
22.240342	0.023990
22.273686	0.023991
22.307030	0.023988
22.340374	0.024883
22.373718	0.024883
22.407062	0.024883
22.440405	0.024882
22.473749	0.024882
22.507093	0.024882
22.540437	0.024882
22.573781	0.024882
22.607125	0.024882
22.640468	0.024882
22.673812	0.024882
22.707156	0.024882
22.740500	0.024882
22.773844	0.024882
22.807188	0.024882
22.840531	0.024882
22.873875	0.024878
22.907219	0.024878
22.940563	0.024878
22.973907	0.024878
23.007251	0.024877
23.040595	0.024877
23.073938	0.024877
23.107282	0.024877
23.140626	0.024877
23.173970	0.024876
23.207314	0.023975
23.240658	0.023971
23.274001	0.024886
23.307345	0.023986
23.340689	0.024880
23.374033	0.024878
23.407377	0.024878
23.440721	0.024878
23.474064	0.024881
23.507408	0.024878
23.540752	0.024881
23.574096	0.024875
23.607440	0.025769
23.640784	0.025769
23.674127	0.025772
23.707471	0.024880
23.740815	0.024878
23.774159	0.024878
23.807503	0.024875
23.840847	0.025766
23.874191	0.025766
23.907534	0.025766
23.940878	0.025766
23.974222	0.025766
24.007566	0.025766
24.040910	0.025766
24.074254	0.025768
24.107597	0.025768
24.140941	0.025767
24.174285	0.025768
24.207629	0.025767
24.240973	0.025768
24.274317	0.025767
24.307660	0.025767
24.341004	0.025767
24.374348	0.025767
24.407692	0.025767
24.441036	0.025767
24.474380	0.025767
24.507724	0.025767
24.541067	0.025765
24.574411	0.025764
24.607755	0.025765
24.641099	0.025765
24.674443	0.025765
24.707787	0.025762
24.741130	0.026657
24.774474	0.026657
24.807818	0.026657
24.841162	0.026657
24.874506	0.026657
24.907850	0.026653
24.941193	0.026654
24.974537	0.026654
25.007881	0.026653
25.041225	0.026653
25.074569	0.026650
25.107913	0.025775
25.141257	0.026641
25.174600	0.026638
25.207944	0.026660
25.241288	0.025762
25.274632	0.026654
25.307976	0.026655
25.341320	0.026655
25.374663	0.026655
25.408007	0.026655
25.441351	0.026656
25.474695	0.026655
25.508039	0.026656
25.541383	0.026655
25.574726	0.026656
25.608070	0.026656
25.641414	0.026655
25.674758	0.026655
25.708102	0.026656
25.741446	0.026655
25.774790	0.026655
25.808133	0.026653
25.841477	0.026655
25.874821	0.026653
25.908165	0.026653
25.941509	0.026653
25.974853	0.026653
26.008196	0.026653
26.041540	0.026653
26.074884	0.026653
26.108228	0.026653
26.141572	0.026648
26.174916	0.027542
26.208259	0.027542
26.241603	0.027542
26.274947	0.027542
26.308291	0.027542
26.341635	0.027542
26.374979	0.027542
26.408323	0.027542
26.441666	0.027542
26.475010	0.027542
26.508354	0.027539
26.541698	0.027537
26.575042	0.028431
26.608386	0.028431
26.641729	0.028431
26.675073	0.028428
26.708417	0.028431
26.741761	0.028428
26.775105	0.028428
26.808449	0.028428
26.841792	0.028426
26.875136	0.028426
26.908480	0.028426
26.941824	0.028426
26.975168	0.028426
27.008512	0.028426
27.041855	0.028426
27.075199	0.028426
27.108543	0.028426
27.141887	0.028427
27.175231	0.028427
27.208575	0.028426
27.241919	0.028426
27.275262	0.028426
27.308606	0.028426
27.341950	0.028427
27.375294	0.028426
27.408638	0.028429
27.441982	0.028426
27.475325	0.028426
27.508669	0.028426
27.542013	0.028425
27.575357	0.029318
27.608701	0.029318
27.642045	0.029318
27.675388	0.029313
27.708732	0.029318
27.742076	0.029318
27.775420	0.029318
27.808764	0.029318
27.842108	0.029318
27.875452	0.029318
27.908795	0.029318
27.942139	0.029313
27.975483	0.029313
28.008827	0.029313
28.042171	0.029313
28.075515	0.029314
28.108858	0.029314
28.142202	0.029314
28.175546	0.029314
28.208890	0.029314
28.242234	0.029314
28.275578	0.029314
28.308921	0.029313
28.342265	0.029313
28.375609	0.029313
28.408953	0.029313
28.442297	0.029313
28.475641	0.029313
28.508985	0.029313
28.542328	0.029313
28.575672	0.029311
28.609016	0.028408
28.642360	0.029322
28.675704	0.028419
28.709048	0.029313
28.742391	0.030202
28.775735	0.030206
28.809079	0.030206
28.842423	0.030206
28.875767	0.030206
28.909111	0.030206
28.942454	0.030201
28.975798	0.030201
29.009142	0.030201
29.042486	0.030201
29.075830	0.030201
29.109174	0.030201
29.142518	0.030201
29.175861	0.030201
29.209205	0.030201
29.242549	0.030201
29.275893	0.030201
29.309237	0.030201
29.342581	0.030201
29.375924	0.030201
29.409268	0.030201
29.442612	0.030201
29.475956	0.030201
29.509300	0.030198
29.542644	0.029299
29.575987	0.029322
29.609331	0.030187
29.642675	0.030210
29.676019	0.029310
29.709363	0.030204
29.742707	0.030199
29.776051	0.031093
29.809394	0.031093
29.842738	0.031093
29.876082	0.031093
29.909426	0.031093
29.942770	0.031093
29.976114	0.031089
30.009457	0.031089
30.042801	0.031089
30.076145	0.031089
30.109489	0.031089
30.142833	0.031089
30.176177	0.031090
30.209520	0.031090
30.242864	0.031089
30.276208	0.031090
30.309552	0.031090
30.342896	0.031089
30.376240	0.031089
30.409583	0.031089
30.442927	0.031090
30.476271	0.031088
30.509615	0.031089
30.542959	0.031091
30.576303	0.031088
30.609647	0.031088
30.642990	0.031088
30.676334	0.031088
30.709678	0.031088
30.743022	0.031088
30.776366	0.031086
30.809710	0.031980
30.843053	0.031980
30.876397	0.031980
30.909741	0.030186
30.943085	0.030182
30.976429	0.031097
31.009773	0.030197
31.043116	0.031091
31.076460	0.031091
31.109804	0.031091
31.143148	0.031091
31.176492	0.031091
31.209836	0.031091
31.243180	0.031091
31.276523	0.031091
31.309867	0.031091
31.343211	0.031091
31.376555	0.031091
31.409899	0.031091
31.443243	0.031091
31.476586	0.031091
31.509930	0.031091
31.543274	0.031091
31.576618	0.031091
31.609962	0.031091
31.643306	0.031091
31.676649	0.031091
31.709993	0.031086
31.743337	0.031980
31.776681	0.031977
31.810025	0.031977
31.843369	0.031977
31.876713	0.031977
31.910056	0.031977
31.943400	0.031977
31.976744	0.031977
32.010088	0.031977
32.043432	0.031978
32.076776	0.031978
32.110119	0.031978
32.143463	0.031978
32.176807	0.031978
32.210151	0.031978
32.243495	0.031978
32.276839	0.031978
32.310182	0.031978
32.343526	0.031978
32.376870	0.031973
32.410214	0.032867
32.443558	0.032867
32.476902	0.032867
32.510246	0.032867
32.543589	0.032867
32.576933	0.032867
32.610277	0.032865
32.643621	0.032865
32.676965	0.032865
32.710309	0.032865
32.743652	0.032865
32.776996	0.032866
32.810340	0.032863
32.843684	0.032863
32.877028	0.032863
32.910372	0.032863
32.943715	0.032863
32.977059	0.032863
33.010403	0.032863
33.043747	0.032863
33.077091	0.032863
33.110435	0.032863
33.143778	0.032863
33.177122	0.032863
33.210466	0.032863
33.243810	0.032863
33.277154	0.032863
33.310498	0.032863
33.343842	0.032863
33.377185	0.032863
33.410529	0.032862
33.443873	0.033751
33.477217	0.033751
33.510561	0.033755
33.543905	0.033755
33.577248	0.033755
33.610592	0.033750
33.643936	0.033750
33.677280	0.033750
33.710624	0.033750
33.743968	0.033750
33.777311	0.033750
33.810655	0.033750
33.843999	0.033750
33.877343	0.033750
33.910687	0.033750
33.944031	0.033750
33.977375	0.033750
34.010718	0.033750
34.044062	0.033750
34.077406	0.033750
34.110750	0.033750
34.144094	0.033750
34.177438	0.033750
34.210781	0.033750
34.244125	0.033750
34.277469	0.033750
34.310813	0.033750
34.344157	0.033750
34.377501	0.033750
34.410844	0.033750
34.444188	0.033750
34.477532	0.033750
34.510876	0.033750
34.544220	0.033750
34.577564	0.033750
34.610908	0.033750
34.644251	0.033750
34.677595	0.033750
34.710939	0.033750
34.744283	0.033750
34.777627	0.033750
34.810971	0.033749
34.844314	0.034637
34.877658	0.032844
34.911002	0.033759
34.944346	0.032859
34.977690	0.033754
35.011034	0.033753
35.044377	0.033754
35.077721	0.033753
35.111065	0.033753
35.144409	0.033753
35.177753	0.033754
35.211097	0.033754
35.244441	0.033753
35.277784	0.033754
35.311128	0.033754
35.344472	0.033754
35.377816	0.033754
35.411160	0.033754
35.444504	0.033754
35.477847	0.033743
35.511191	0.034637
35.544535	0.034637
35.577879	0.034637
35.611223	0.034637
35.644567	0.034635
35.677910	0.035525
35.711254	0.035526
35.744598	0.035526
35.777942	0.035524
35.811286	0.035527
35.844630	0.035524
35.877974	0.035527
35.911317	0.035524
35.944661	0.035524
35.978005	0.035524
36.011349	0.035524
36.044693	0.035524
36.078037	0.035523
36.111380	0.036419
36.144724	0.036419
36.178068	0.036419
36.211412	0.036419
36.244756	0.036419
36.278100	0.036419
36.311443	0.036419
36.344787	0.036419
36.378131	0.036419
36.411475	0.036419
36.444819	0.036419
36.478163	0.036417
36.511506	0.036419
36.544850	0.036417
36.578194	0.036413
36.611538	0.036413
36.644882	0.036413
36.678226	0.036413
36.711570	0.036413
36.744913	0.036413
36.778257	0.036413
36.811601	0.036413
36.844945	0.036412
36.878289	0.036412
36.911633	0.036412
36.944976	0.036412
36.978320	0.036412
37.011664	0.036412
37.045008	0.036412
37.078352	0.036411
37.111696	0.037304
37.145039	0.037306
37.178383	0.037306
37.211727	0.037300
37.245071	0.037300
37.278415	0.037300
37.311759	0.037300
37.345103	0.037299
37.378446	0.037299
37.411790	0.037299
37.445134	0.037299
37.478478	0.037299
37.511822	0.037299
37.545166	0.037299
37.578509	0.037299
37.611853	0.037299
37.645197	0.037299
37.678541	0.037299
37.711885	0.037298
37.745229	0.038193
37.778572	0.038193
37.811916	0.038193
37.845260	0.038193
37.878604	0.038193
37.911948	0.038193
37.945292	0.038193
37.978636	0.036397
38.011979	0.038192
38.045323	0.038192
38.078667	0.038192
38.112011	0.038194
38.145355	0.037303
38.178699	0.037302
38.212042	0.037303
38.245386	0.037303
38.278730	0.037303
38.312074	0.037303
38.345418	0.037303
38.378762	0.037303
38.412105	0.037303
38.445449	0.037303
38.478793	0.037303
38.512137	0.037292
38.545481	0.038186
38.578825	0.038186
38.612169	0.038186
38.645512	0.038185
38.678856	0.039080
38.712200	0.039080
38.745544	0.039080
38.778888	0.039080
38.812232	0.039080
38.845575	0.039075
38.878919	0.039075
38.912263	0.039075
38.945607	0.039075
38.978951	0.039074
39.012295	0.039074
39.045638	0.039072
39.078982	0.038197
39.112326	0.037291
39.145670	0.038190
39.179014	0.038190
39.212358	0.038190
39.245702	0.038190
39.279045	0.038190
39.312389	0.038190
39.345733	0.038190
39.379077	0.038182
39.412421	0.039076
39.445765	0.039076
39.479108	0.039076
39.512452	0.039076
39.545796	0.039076
39.579140	0.039076
39.612484	0.039076
39.645828	0.039076
39.679171	0.039076
39.712515	0.039077
39.745859	0.039076
39.779203	0.039076
39.812547	0.039076
39.845891	0.039077
39.879234	0.039077
39.912578	0.039077
39.945922	0.039077
39.979266	0.039077
40.012610	0.039077
40.045954	0.039077
40.079298	0.039077
40.112641	0.039076
40.145985	0.039077
40.179329	0.039073
40.212673	0.039964
40.246017	0.039964
40.279361	0.039964
40.312704	0.039964
40.346048	0.039964
40.379392	0.039964
40.412736	0.039964
40.446080	0.039964
40.479424	0.039964
40.512767	0.039964
40.546111	0.039964
40.579455	0.039964
40.612799	0.039964
40.646143	0.039964
40.679487	0.039964
40.712831	0.039964
40.746174	0.039965
40.779518	0.039965
40.812862	0.039965
40.846206	0.039964
40.879550	0.039964
40.912894	0.039965
40.946237	0.039964
40.979581	0.039960
41.012925	0.040851
41.046269	0.040851
41.079613	0.040851
41.112957	0.040851
41.146300	0.040851
41.179644	0.040851
41.212988	0.040851
41.246332	0.040851
41.279676	0.040851
41.313020	0.040851
41.346364	0.040851
41.379707	0.040851
41.413051	0.040851
41.446395	0.040851
41.479739	0.040852
41.513083	0.040851
41.546427	0.040851
41.579770	0.040852
41.613114	0.040851
41.646458	0.040848
41.679802	0.040848
41.713146	0.040848
41.746490	0.040852
41.779833	0.040847
41.813177	0.041738
41.846521	0.041738
41.879865	0.041738
41.913209	0.041738
41.946553	0.041738
41.979897	0.041738
42.013240	0.041738
42.046584	0.041738
42.079928	0.041738
42.113272	0.041738
42.146616	0.041738
42.179960	0.041738
42.213303	0.041738
42.246647	0.041738
42.279991	0.041738
42.313335	0.041738
42.346679	0.041738
42.380023	0.041739
42.413366	0.041738
42.446710	0.041739
42.480054	0.041738
42.513398	0.041738
42.546742	0.041739
42.580086	0.041733
42.613429	0.042626
42.646773	0.042626
42.680117	0.042626
42.713461	0.042626
42.746805	0.042626
42.780149	0.042626
42.813493	0.042626
42.846836	0.042626
42.880180	0.042626
42.913524	0.042626
42.946868	0.042626
42.980212	0.042626
43.013556	0.042627
43.046899	0.042627
43.080243	0.042621
43.113587	0.043516
43.146931	0.043516
43.180275	0.043517
43.213619	0.043517
43.246962	0.043517
43.280306	0.043517
43.313650	0.043513
43.346994	0.043513
43.380338	0.043513
43.413682	0.043513
43.447026	0.043513
43.480369	0.043513
43.513713	0.043513
43.547057	0.043513
43.580401	0.043513
43.613745	0.043513
43.647089	0.043513
43.680432	0.043513
43.713776	0.043513
43.747120	0.043513
43.780464	0.043513
43.813808	0.043513
43.847152	0.043513
43.880495	0.043513
43.913839	0.043513
43.947183	0.043513
43.980527	0.043513
44.013871	0.043508
44.047215	0.044400
44.080559	0.044400
44.113902	0.044400
44.147246	0.044400
44.180590	0.044400
44.213934	0.044400
44.247278	0.044400
44.280622	0.044400
44.313965	0.044400
44.347309	0.044400
44.380653	0.044400
44.413997	0.044400
44.447341	0.044395
44.480685	0.043521
44.514028	0.042615
44.547372	0.043514
44.580716	0.043514
44.614060	0.043514
44.647404	0.043514
44.680748	0.043531
44.714092	0.045291
44.747435	0.045291
44.780779	0.045291
44.814123	0.045291
44.847467	0.045285
44.880811	0.045285
44.914155	0.045287
44.947498	0.045285
44.980842	0.045287
45.014186	0.045285
45.047530	0.045285
45.080874	0.045285
45.114218	0.045287
45.147561	0.045285
45.180905	0.045287
45.214249	0.045287
45.247593	0.045287
45.280937	0.045285
45.314281	0.045287
45.347625	0.045283
45.380968	0.046179
45.414312	0.046179
45.447656	0.046179
45.481000	0.046179
45.514344	0.046178
45.547688	0.046179
45.581031	0.046179
45.614375	0.046179
45.647719	0.046179
45.681063	0.046179
45.714407	0.046179
45.747751	0.046179
45.781094	0.046179
45.814438	0.046179
45.847782	0.046179
45.881126	0.046179
45.914470	0.046179
45.947814	0.046179
45.981157	0.046172
46.014501	0.046179
46.047845	0.046172
46.081189	0.046172
46.114533	0.046172
46.147877	0.046170
46.181221	0.045295
46.214564	0.044389
46.247908	0.045278
46.281252	0.046172
46.314596	0.046170
46.347940	0.047065
46.381284	0.047066
46.414627	0.047066
46.447971	0.047066
46.481315	0.047066
46.514659	0.047066
46.548003	0.047066
46.581347	0.047066
46.614690	0.047066
46.648034	0.047057
46.681378	0.046183
46.714722	0.045277
46.748066	0.046165
46.781410	0.047062
46.814754	0.047057
46.848097	0.047952
46.881441	0.047953
46.914785	0.047953
46.948129	0.047953
46.981473	0.047952
47.014817	0.047952
47.048160	0.047952
47.081504	0.047953
47.114848	0.047953
47.148192	0.047953
47.181536	0.047953
47.214880	0.047953
47.248223	0.047953
47.281567	0.047953
47.314911	0.047953
47.348255	0.047953
47.381599	0.047953
47.414943	0.047953
47.448287	0.047953
47.481630	0.047953
47.514974	0.047949
47.548318	0.047944
47.581662	0.048840
47.615006	0.048840
47.648350	0.048839
47.681693	0.048840
47.715037	0.048840
47.748381	0.048840
47.781725	0.048840
47.815069	0.048840
47.848413	0.048840
47.881756	0.048840
47.915100	0.048840
47.948444	0.048840
47.981788	0.048840
48.015132	0.048840
48.048476	0.048840
48.081820	0.048840
48.115163	0.048840
48.148507	0.048832
48.181851	0.049728
48.215195	0.049728
48.248539	0.049728
48.281883	0.049728
48.315226	0.049728
48.348570	0.049727
48.381914	0.049727
48.415258	0.049727
48.448602	0.049727
48.481946	0.049727
48.515289	0.049727
48.548633	0.049727
48.581977	0.049727
48.615321	0.049727
48.648665	0.049727
48.682009	0.049727
48.715353	0.049728
48.748696	0.049728
48.782040	0.049728
48.815384	0.049728
48.848728	0.049728
48.882072	0.049728
48.915416	0.049728
48.948759	0.049719
48.982103	0.050615
49.015447	0.048844
49.048791	0.049730
49.082135	0.048834
49.115479	0.048834
49.148822	0.048834
49.182166	0.048834
49.215510	0.048834
49.248854	0.048834
49.282198	0.048834
49.315542	0.048830
49.348885	0.049724
49.382229	0.049724
49.415573	0.049724
49.448917	0.049724
49.482261	0.049724
49.515605	0.049724
49.548949	0.049724
49.582292	0.049719
49.615636	0.050615
49.648980	0.050615
49.682324	0.050615
49.715668	0.050615
49.749012	0.050615
49.782355	0.050615
49.815699	0.050615
49.849043	0.050611
49.882387	0.050611
49.915731	0.050611
49.949075	0.050611
49.982418	0.050611
50.015762	0.050611
50.049106	0.050611
50.082450	0.050611
50.115794	0.050611
50.149138	0.050611
50.182482	0.050606
50.215825	0.051502
50.249169	0.051502
50.282513	0.051502
50.315857	0.051501
50.349201	0.051502
50.382545	0.051502
50.415888	0.051498
50.449232	0.051498
50.482576	0.051498
50.515920	0.051498
50.549264	0.051498
50.582608	0.051498
50.615951	0.051498
50.649295	0.051498
50.682639	0.051498
50.715983	0.051498
50.749327	0.051498
50.782671	0.051498
50.816015	0.051499
50.849358	0.051493
50.882702	0.052390
50.916046	0.052390
50.949390	0.052390
50.982734	0.052390
51.016078	0.052390
51.049421	0.052386
51.082765	0.052386
51.116109	0.052386
51.149453	0.052386
51.182797	0.052386
51.216141	0.052386
51.249484	0.052386
51.282828	0.052386
51.316172	0.052387
51.349516	0.052383
51.382860	0.052383
51.416204	0.052383
51.449548	0.052381
51.482891	0.053276
51.516235	0.053276
51.549579	0.053277
51.582923	0.053277
51.616267	0.053277
51.649611	0.053273
51.682954	0.053273
51.716298	0.053273
51.749642	0.053273
51.782986	0.053273
51.816330	0.053273
51.849674	0.053273
51.883017	0.053274
51.916361	0.053273
51.949705	0.053273
51.983049	0.053274
52.016393	0.053274
52.049737	0.053274
52.083080	0.053274
52.116424	0.053274
52.149768	0.053271
52.183112	0.053271
52.216456	0.053271
52.249800	0.053270
52.283144	0.053270
52.316487	0.053270
52.349831	0.053270
52.383175	0.053270
52.416519	0.053270
52.449863	0.053270
52.483207	0.053270
52.516550	0.053270
52.549894	0.053270
52.583238	0.053270
52.616582	0.053270
52.649926	0.053270
52.683270	0.053270
52.716613	0.053270
52.749957	0.053266
52.783301	0.054161
52.816645	0.054161
52.849989	0.054160
52.883333	0.054161
52.916677	0.054161
52.950020	0.054161
52.983364	0.054161
53.016708	0.054161
53.050052	0.054157
53.083396	0.054157
53.116740	0.054157
53.150083	0.054157
53.183427	0.054157
53.216771	0.054157
53.250115	0.054157
53.283459	0.054181
53.316803	0.055932
53.350146	0.055932
53.383490	0.055932
53.416834	0.055932
53.450178	0.055932
53.483522	0.055932
53.516866	0.055932
53.550210	0.055932
53.583553	0.055932
53.616897	0.055932
53.650241	0.055932
53.683585	0.055932
53.716929	0.055932
53.750273	0.055932
53.783616	0.055932
53.816960	0.055932
53.850304	0.055932
53.883648	0.055932
53.916992	0.055932
53.950336	0.055932
53.983679	0.055932
54.017023	0.055931
54.050367	0.056819
54.083711	0.056819
54.117055	0.056819
54.150399	0.056819
54.183743	0.056819
54.217086	0.056819
54.250430	0.056819
54.283774	0.056819
54.317118	0.056819
54.350462	0.056819
54.383806	0.056819
54.417149	0.056819
54.450493	0.056819
54.483837	0.056819
54.517181	0.056819
54.550525	0.056819
54.583869	0.056819
54.617212	0.056819
54.650556	0.056819
54.683900	0.056819
54.717244	0.056819
54.750588	0.056819
54.783932	0.056819
54.817276	0.056819
54.850619	0.056819
54.883963	0.056819
54.917307	0.056819
54.950651	0.056819
54.983995	0.056819
55.017339	0.056819
55.050682	0.056819
55.084026	0.056819
55.117370	0.056819
55.150714	0.056819
55.184058	0.056819
55.217402	0.056819
55.250745	0.056819
55.284089	0.056819
55.317433	0.056819
55.350777	0.056819
55.384121	0.056819
55.417465	0.056819
55.450808	0.056811
55.484152	0.057709
55.517496	0.057710
55.550840	0.057709
55.584184	0.057709
55.617528	0.057709
55.650872	0.057710
55.684215	0.057709
55.717559	0.057710
55.750903	0.057710
55.784247	0.057710
55.817591	0.057710
55.850935	0.057706
55.884278	0.057710
55.917622	0.057734
55.950966	0.058594
55.984310	0.058594
56.017654	0.058594
56.050998	0.058594
56.084341	0.058594
56.117685	0.058594
56.151029	0.058594
56.184373	0.058594
56.217717	0.058594
56.251061	0.058594
56.284405	0.058594
56.317748	0.058594
56.351092	0.058594
56.384436	0.058594
56.417780	0.058594
56.451124	0.058586
56.484468	0.059484
56.517811	0.059484
56.551155	0.059484
56.584499	0.059484
56.617843	0.059484
56.651187	0.059484
56.684531	0.059484
56.717874	0.059484
56.751218	0.059484
56.784562	0.059481
56.817906	0.059484
56.851250	0.059484
56.884594	0.059484
56.917938	0.059484
56.951281	0.059481
56.984625	0.059485
57.017969	0.059481
57.051313	0.059481
57.084657	0.059481
57.118001	0.059481
57.151344	0.059481
57.184688	0.059481
57.218032	0.059502
57.251376	0.061256
57.284720	0.061256
57.318064	0.061256
57.351407	0.061256
57.384751	0.061256
57.418095	0.061256
57.451439	0.061256
57.484783	0.061256
57.518127	0.061256
57.551471	0.061256
57.584814	0.061256
57.618158	0.061256
57.651502	0.061256
57.684846	0.061256
57.718190	0.061256
57.751534	0.061256
57.784877	0.061256
57.818221	0.061256
57.851565	0.061256
57.884909	0.061256
57.918253	0.061256
57.951597	0.061256
57.984940	0.061256
58.018284	0.061256
58.051628	0.061256
58.084972	0.061256
58.118316	0.061256
58.151660	0.061256
58.185004	0.061256
58.218347	0.061256
58.251691	0.061256
58.285035	0.061256
58.318379	0.061256
58.351723	0.061256
58.385067	0.061248
58.418410	0.062147
58.451754	0.062147
58.485098	0.062146
58.518442	0.062147
58.551786	0.062147
58.585130	0.062147
58.618473	0.062147
58.651817	0.062147
58.685161	0.062147
58.718505	0.062147
58.751849	0.062146
58.785193	0.062147
58.818536	0.062147
58.851880	0.062147
58.885224	0.062147
58.918568	0.062146
58.951912	0.062147
58.985256	0.062170
59.018600	0.063038
59.051943	0.062142
59.085287	0.063030
59.118631	0.063030
59.151975	0.063030
59.185319	0.063030
59.218663	0.063030
59.252006	0.063030
59.285350	0.063030
59.318694	0.063030
59.352038	0.063030
59.385382	0.063030
59.418726	0.063030
59.452069	0.063030
59.485413	0.063030
59.518757	0.063030
59.552101	0.063030
59.585445	0.063029
59.618789	0.063917
59.652133	0.063917
59.685476	0.063917
59.718820	0.063917
59.752164	0.063917
59.785508	0.063917
59.818852	0.063917
59.852196	0.063917
59.885539	0.063917
59.918883	0.063917
59.952227	0.063917
59.985571	0.063917
60.018915	0.063917
60.052259	0.063917
60.085602	0.063917
60.118946	0.063917
60.152290	0.063917
60.185634	0.063917
60.218978	0.063917
60.252322	0.063917
60.285666	0.063916
60.319009	0.064805
60.352353	0.064805
60.385697	0.064805
60.419041	0.064805
60.452385	0.064805
60.485729	0.064805
60.519072	0.064805
60.552416	0.064805
60.585760	0.064805
60.619104	0.064805
60.652448	0.064805
60.685792	0.064805
60.719135	0.064805
60.752479	0.064805
60.785823	0.064805
60.819167	0.064805
60.852511	0.064804
60.885855	0.065692
60.919199	0.065692
60.952542	0.065692
60.985886	0.065692
61.019230	0.065692
61.052574	0.065692
61.085918	0.065692
61.119262	0.065692
61.152605	0.065692
61.185949	0.065692
61.219293	0.065692
61.252637	0.065692
61.285981	0.065692
61.319325	0.065692
61.352668	0.065692
61.386012	0.065692
61.419356	0.065692
61.452700	0.065692
61.486044	0.065692
61.519388	0.065692
61.552731	0.065692
61.586075	0.065692
61.619419	0.065692
61.652763	0.065692
61.686107	0.065684
61.719451	0.066583
61.752795	0.066583
61.786138	0.066583
61.819482	0.066607
61.852826	0.067466
61.886170	0.067466
61.919514	0.067466
61.952858	0.067466
61.986201	0.067466
62.019545	0.067466
62.052889	0.067466
62.086233	0.067466
62.119577	0.067466
62.152921	0.067466
62.186264	0.067466
62.219608	0.067466
62.252952	0.067466
62.286296	0.067466
62.319640	0.067466
62.352984	0.067466
62.386328	0.067466
62.419671	0.067459
62.453015	0.068360
62.486359	0.068357
62.519703	0.068361
62.553047	0.068357
62.586391	0.068357
62.619734	0.068357
62.653078	0.068358
62.686422	0.068357
62.719766	0.068357
62.753110	0.068357
62.786454	0.068357
62.819797	0.068357
62.853141	0.068357
62.886485	0.068358
62.919829	0.068381
62.953173	0.069241
62.986517	0.069241
63.019861	0.069241
63.053204	0.069241
63.086548	0.069241
63.119892	0.069241
63.153236	0.069241
63.186580	0.069241
63.219924	0.069241
63.253267	0.069241
63.286611	0.069241
63.319955	0.069241
63.353299	0.069241
63.386643	0.069241
63.419987	0.069241
63.453330	0.069241
63.486674	0.069241
63.520018	0.069241
63.553362	0.069241
63.586706	0.069233
63.620050	0.070131
63.653394	0.070131
63.686737	0.070132
63.720081	0.070132
63.753425	0.070132
63.786769	0.070131
63.820113	0.070132
63.853457	0.070156
63.886800	0.071016
63.920144	0.071016
63.953488	0.071016
63.986832	0.071016
64.020176	0.071016
64.053520	0.071016
64.086863	0.071016
64.120207	0.071016
64.153551	0.071016
64.186895	0.071016
64.220239	0.071016
64.253583	0.071016
64.286927	0.071016
64.320270	0.071016
64.353614	0.071016
64.386958	0.071016
64.420302	0.071016
64.453646	0.071016
64.486990	0.071016
64.520333	0.071016
64.553677	0.071016
64.587021	0.071016
64.620365	0.071016
64.653709	0.071016
64.687053	0.071016
64.720396	0.071016
64.753740	0.071008
64.787084	0.071906
64.820428	0.071906
64.853772	0.071906
64.887116	0.071930
64.920459	0.072790
64.953803	0.072790
64.987147	0.072790
65.020491	0.072790
65.053835	0.072790
65.087179	0.072790
65.120523	0.072790
65.153866	0.072790
65.187210	0.072790
65.220554	0.072790
65.253898	0.072790
65.287242	0.072790
65.320586	0.072790
65.353929	0.072790
65.387273	0.072790
65.420617	0.072790
65.453961	0.072790
65.487305	0.072790
65.520649	0.072790
65.553992	0.072790
65.587336	0.072790
65.620680	0.072790
65.654024	0.072790
65.687368	0.072790
65.720712	0.072790
65.754056	0.072790
65.787399	0.072790
65.820743	0.072790
65.854087	0.072819
65.887431	0.073677
65.920775	0.073677
65.954119	0.073677
65.987462	0.073677
66.020806	0.073677
66.054150	0.073677
66.087494	0.073677
66.120838	0.073677
66.154182	0.073677
66.187525	0.073677
66.220869	0.073677
66.254213	0.073677
66.287557	0.073677
66.320901	0.073701
66.354245	0.073686
66.387589	0.072814
66.420932	0.074565
66.454276	0.074565
66.487620	0.074565
66.520964	0.074565
66.554308	0.074565
66.587652	0.074565
66.620995	0.074565
66.654339	0.074565
66.687683	0.074565
66.721027	0.074565
66.754371	0.074565
66.787715	0.074565
66.821058	0.074565
66.854402	0.074565
66.887746	0.074565
66.921090	0.074565
66.954434	0.074565
66.987778	0.074565
67.021122	0.074565
67.054465	0.074565
67.087809	0.074565
67.121153	0.074565
67.154497	0.074565
67.187841	0.074565
67.221185	0.074565
67.254528	0.074565
67.287872	0.074565
67.321216	0.074565
67.354560	0.074592
67.387904	0.075452
67.421248	0.075452
67.454591	0.075452
67.487935	0.075452
67.521279	0.075452
67.554623	0.075452
67.587967	0.075452
67.621311	0.075452
67.654655	0.075452
67.687998	0.075475
67.721342	0.075461
67.754686	0.074588
67.788030	0.076339
67.821374	0.076339
67.854718	0.076339
67.888061	0.076339
67.921405	0.076339
67.954749	0.076339
67.988093	0.076339
68.021437	0.076339
68.054781	0.076339
68.088124	0.076339
68.121468	0.076339
68.154812	0.076339
68.188156	0.076368
68.221500	0.077227
68.254844	0.077227
68.288187	0.077227
68.321531	0.077227
68.354875	0.077233
68.388219	0.077227
68.421563	0.077232
68.454907	0.077233
68.488251	0.077232
68.521594	0.077233
68.554938	0.077233
68.588282	0.077233
68.621626	0.077233
68.654970	0.077233
68.688314	0.077233
68.721657	0.077227
68.755001	0.077227
68.788345	0.077227
68.821689	0.077227
68.855033	0.077227
68.888377	0.077251
68.921720	0.078120
68.955064	0.078120
68.988408	0.078120
69.021752	0.078120
69.055096	0.078122
69.088440	0.077250
69.121784	0.079007
69.155127	0.077242
69.188471	0.078133
69.221815	0.076363
69.255159	0.078114
69.288503	0.078114
69.321847	0.078114
69.355190	0.078114
69.388534	0.078114
69.421878	0.078114
69.455222	0.078114
69.488566	0.078114
69.521910	0.078114
69.555253	0.078114
69.588597	0.078136
69.621941	0.078123
69.655285	0.077250
69.688629	0.079007
69.721973	0.079007
69.755317	0.079007
69.788660	0.079007
69.822004	0.079029
69.855348	0.079895
69.888692	0.079895
69.922036	0.079895
69.955380	0.079895
69.988723	0.079895
70.022067	0.079895
70.055411	0.079888
70.088755	0.079888
70.122099	0.079888
70.155443	0.079888
70.188786	0.079894
70.222130	0.079895
70.255474	0.079888
70.288818	0.079895
70.322162	0.079888
70.355506	0.079888
70.388850	0.079888
70.422193	0.079888
70.455537	0.079888
70.488881	0.079888
70.522225	0.079888
70.555569	0.079888
70.588913	0.079888
70.622256	0.079888
70.655600	0.079888
70.688944	0.079911
70.722288	0.079898
70.755632	0.079023
70.788976	0.080776
70.822319	0.080776
70.855663	0.080776
70.889007	0.080776
70.922351	0.080776
70.955695	0.080776
70.989039	0.080776
71.022382	0.080776
71.055726	0.080776
71.089070	0.080776
71.122414	0.080776
71.155758	0.080776
71.189102	0.080776
71.222446	0.080776
71.255789	0.080776
71.289133	0.080776
71.322477	0.080776
71.355821	0.080776
71.389165	0.080776
71.422509	0.080776
71.455852	0.080776
71.489196	0.080776
71.522540	0.080776
71.555884	0.080776
71.589228	0.080776
71.622572	0.080776
71.655915	0.080776
71.689259	0.080798
71.722603	0.082556
71.755947	0.082556
71.789291	0.082556
71.822635	0.082556
71.855979	0.082556
71.889322	0.082556
71.922666	0.082556
71.956010	0.082556
71.989354	0.082556
72.022698	0.082556
72.056042	0.082556
72.089385	0.082556
72.122729	0.082556
72.156073	0.082558
72.189417	0.081686
72.222761	0.083443
72.256105	0.083445
72.289448	0.082550
72.322792	0.082550
72.356136	0.082550
72.389480	0.082550
72.422824	0.082550
72.456168	0.082550
72.489512	0.082550
72.522855	0.082579
72.556199	0.083444
72.589543	0.083444
72.622887	0.083444
72.656231	0.083444
72.689575	0.083444
72.722918	0.083444
72.756262	0.083444
72.789606	0.083437
72.822950	0.083437
72.856294	0.083437
72.889638	0.083437
72.922981	0.083437
72.956325	0.083437
72.989669	0.083466
73.023013	0.084331
73.056357	0.084331
73.089701	0.084333
73.123045	0.083462
73.156388	0.084331
73.189732	0.084333
73.223076	0.083466
73.256420	0.084331
73.289764	0.084332
73.323108	0.084332
73.356451	0.084325
73.389795	0.084325
73.423139	0.084325
73.456483	0.084325
73.489827	0.084325
73.523171	0.084325
73.556514	0.084325
73.589858	0.084325
73.623202	0.084325
73.656546	0.084325
73.689890	0.084325
73.723234	0.084325
73.756578	0.084325
73.789921	0.084325
73.823265	0.084325
73.856609	0.084325
73.889953	0.084325
73.923297	0.084325
73.956641	0.084325
73.989984	0.084325
74.023328	0.084325
74.056672	0.084325
74.090016	0.084325
74.123360	0.084325
74.156704	0.084325
74.190047	0.084325
74.223391	0.084325
74.256735	0.084325
74.290079	0.084325
74.323423	0.084325
74.356767	0.084325
74.390110	0.084349
74.423454	0.085218
74.456798	0.085237
74.490142	0.084340
74.523486	0.085232
74.556830	0.083461
74.590174	0.085212
74.623517	0.085212
74.656861	0.085212
74.690205	0.085212
74.723549	0.085212
74.756893	0.085212
74.790237	0.085212
74.823580	0.085212
74.856924	0.085212
74.890268	0.085212
74.923612	0.085212
74.956956	0.085212
74.990300	0.085212
75.023643	0.085212
75.056987	0.085212
75.090331	0.085212
75.123675	0.085212
75.157019	0.085212
75.190363	0.085212
75.223707	0.085212
75.257050	0.085212
75.290394	0.085235
75.323738	0.085222
75.357082	0.086119
75.390426	0.086113
75.423770	0.085239
75.457113	0.086099
75.490457	0.086099
75.523801	0.086099
75.557145	0.086099
75.590489	0.086099
75.623833	0.086099
75.657176	0.086099
75.690520	0.086099
75.723864	0.086099
75.757208	0.086099
75.790552	0.086099
75.823896	0.086122
75.857240	0.086115
75.890583	0.087006
75.923927	0.087006
75.957271	0.087000
75.990615	0.086128
76.023959	0.086991
76.057303	0.087015
76.090646	0.086108
76.123990	0.087006
76.157334	0.087000
76.190678	0.086122
76.224022	0.087880
76.257366	0.086109
76.290709	0.087002
76.324053	0.086123
76.357397	0.087881
76.390741	0.087881
76.424085	0.087880
76.457429	0.087880
76.490773	0.087881
76.524116	0.087880
76.557460	0.087881
76.590804	0.087881
76.624148	0.087881
76.657492	0.087881
76.690836	0.087881
76.724179	0.087881
76.757523	0.087881
76.790867	0.087881
76.824211	0.087881
76.857555	0.087874
76.890899	0.087874
76.924242	0.087881
76.957586	0.087874
76.990930	0.087874
77.024274	0.087874
77.057618	0.087874
77.090962	0.087874
77.124306	0.087874
77.157649	0.087874
77.190993	0.087874
77.224337	0.087874
77.257681	0.087874
77.291025	0.087874
77.324369	0.087874
77.357712	0.087874
77.391056	0.087874
77.424400	0.087874
77.457744	0.087874
77.491088	0.087874
77.524432	0.087874
77.557775	0.087874
77.591119	0.087874
77.624463	0.087898
77.657807	0.088767
77.691151	0.088769
77.724495	0.087898
77.757838	0.088769
77.791182	0.087902
77.824526	0.088767
77.857870	0.088768
77.891214	0.088768
77.924558	0.088768
77.957902	0.088768
77.991245	0.088768
78.024589	0.088768
78.057933	0.088768
78.091277	0.088768
78.124621	0.088768
78.157965	0.088768
78.191308	0.088790
78.224652	0.087888
78.257996	0.088781
78.291340	0.087010
78.324684	0.088768
78.358028	0.088790
78.391371	0.087888
78.424715	0.088781
78.458059	0.087010
78.491403	0.088768
78.524747	0.088790
78.558091	0.087888
78.591435	0.088775
78.624778	0.087874
78.658122	0.087898
78.691466	0.088767
78.724810	0.088790
78.758154	0.087890
78.791498	0.088781
78.824841	0.087010
78.858185	0.088768
78.891529	0.088768
78.924873	0.088767
78.958217	0.088768
78.991561	0.088761
79.024904	0.088767
79.058248	0.088790
79.091592	0.087888
79.124936	0.088781
79.158280	0.087010
79.191624	0.088768
79.224968	0.088790
79.258311	0.087888
79.291655	0.088781
79.324999	0.087010
79.358343	0.088768
79.391687	0.088761
79.425031	0.088790
79.458374	0.087888
79.491718	0.088781
79.525062	0.087010
79.558406	0.088768
79.591750	0.088790
79.625094	0.087885
79.658437	0.088781
79.691781	0.087010
79.725125	0.088790
79.758469	0.087885
79.791813	0.088781
79.825157	0.087010
79.858501	0.088790
79.891844	0.087888
79.925188	0.088781
79.958532	0.087010
79.991876	0.088761
80.025220	0.088761
80.058564	0.088761
80.091907	0.088761
80.125251	0.088761
80.158595	0.088761
80.191939	0.088761
80.225283	0.088761
80.258627	0.088761
80.291970	0.088761
80.325314	0.088761
80.358658	0.088761
80.392002	0.088761
80.425346	0.088761
80.458690	0.088761
80.492033	0.088761
80.525377	0.088761
80.558721	0.088761
80.592065	0.088761
80.625409	0.088768
80.658753	0.088761
80.692097	0.088761
80.725440	0.088790
80.758784	0.087885
80.792128	0.088781
80.825472	0.087010
80.858816	0.088790
80.892160	0.087885
80.925503	0.088781
80.958847	0.087010
80.992191	0.088768
81.025535	0.088768
81.058879	0.088768
81.092223	0.088768
81.125566	0.088768
81.158910	0.088768
81.192254	0.088768
81.225598	0.088790
81.258942	0.087888
81.292286	0.088781
81.325630	0.087010
81.358973	0.088790
81.392317	0.087888
81.425661	0.088781
81.459005	0.087010
81.492349	0.088768
81.525693	0.088768
81.559036	0.088790
81.592380	0.087888
81.625724	0.088781
81.659068	0.087010
81.692412	0.088768
81.725756	0.088761
81.759099	0.088761
81.792443	0.088761
81.825787	0.088761
81.859131	0.088790
81.892475	0.087888
81.925819	0.088781
81.959163	0.087010
81.992506	0.088790
82.025850	0.087888
82.059194	0.088775
82.092538	0.087874
82.125882	0.087874
82.159226	0.087874
82.192569	0.087874
82.225913	0.087874
82.259257	0.087874
82.292601	0.087874
82.325945	0.087874
82.359289	0.087874
82.392632	0.087874
82.425976	0.087874
82.459320	0.087874
82.492664	0.087874
82.526008	0.087874
82.559352	0.087874
82.592696	0.087874
82.626039	0.087898
82.659383	0.088790
82.692727	0.087888
82.726071	0.087010
82.759415	0.088790
82.792759	0.087888
82.826102	0.088781
82.859446	0.087010
82.892790	0.088768
82.926134	0.088768
82.959478	0.088790
82.992822	0.087888
83.026165	0.088775
83.059509	0.087874
83.092853	0.087874
83.126197	0.087874
83.159541	0.087874
83.192885	0.087874
83.226229	0.087874
83.259572	0.087874
83.292916	0.087874
83.326260	0.087874
83.359604	0.087874
83.392948	0.087874
83.426292	0.087874
83.459635	0.087874
83.492979	0.087874
83.526323	0.087874
83.559667	0.087874
83.593011	0.087905
83.626355	0.088790
83.659698	0.087888
83.693042	0.087010
83.726386	0.088790
83.759730	0.087888
83.793074	0.088781
83.826418	0.087010
83.859761	0.088790
83.893105	0.087885
83.926449	0.088775
83.959793	0.087874
83.993137	0.087874
84.026481	0.087874
84.059825	0.087874
84.093168	0.087874
84.126512	0.087874
84.159856	0.087898
84.193200	0.088790
84.226544	0.087888
84.259888	0.087010
84.293231	0.088790
84.326575	0.087885
84.359919	0.088781
84.393263	0.087010
84.426607	0.088761
84.459951	0.088761
84.493294	0.088761
84.526638	0.088761
84.559982	0.088761
84.593326	0.088761
84.626670	0.088761
84.660014	0.088761
84.693358	0.088761
84.726701	0.088761
84.760045	0.088761
84.793389	0.088761
84.826733	0.088761
84.860077	0.088761
84.893421	0.088761
84.926764	0.088761
84.960108	0.088761
84.993452	0.088761
85.026796	0.088761
85.060140	0.088761
85.093484	0.088761
85.126827	0.088761
85.160171	0.088761
85.193515	0.088789
85.226859	0.089677
85.260203	0.088777
85.293547	0.089668
85.326891	0.087897
85.360234	0.089648
85.393578	0.089648
85.426922	0.089648
85.460266	0.089648
85.493610	0.089648
85.526954	0.089648
85.560297	0.089648
85.593641	0.089648
85.626985	0.089648
85.660329	0.089648
85.693673	0.089677
85.727017	0.088772
85.760360	0.089668
85.793704	0.087897
85.827048	0.089648
85.860392	0.089648
85.893736	0.089648
85.927080	0.089648
85.960424	0.089677
85.993767	0.088772
86.027111	0.089662
86.060455	0.088784
86.093799	0.088771
86.127143	0.089668
86.160487	0.089662
86.193830	0.088792
86.227174	0.089648
86.260518	0.089648
86.293862	0.089648
86.327206	0.089648
86.360550	0.089648
86.393893	0.089676
86.427237	0.090544
86.460581	0.089677
86.493925	0.090564
86.527269	0.089659
86.560613	0.090549
86.593957	0.089648
86.627300	0.089648
86.660644	0.089648
86.693988	0.089648
86.727332	0.089671
86.760676	0.091451
86.794020	0.090555
86.827363	0.090551
86.860707	0.089672
86.894051	0.091430
86.927395	0.091451
86.960739	0.090549
86.994083	0.091443
87.027426	0.089672
87.060770	0.091423
87.094114	0.091423
87.127458	0.091423
87.160802	0.091423
87.194146	0.091423
87.227489	0.091423
87.260833	0.091423
87.294177	0.091423
87.327521	0.091423
87.360865	0.091423
87.394209	0.091423
87.427553	0.091423
87.460896	0.091423
87.494240	0.091423
87.527584	0.091423
87.560928	0.091423
87.594272	0.091423
87.627616	0.091423
87.660959	0.091423
87.694303	0.091423
87.727647	0.091423
87.760991	0.091423
87.794335	0.091450
87.827679	0.092339
87.861022	0.091433
87.894366	0.090559
87.927710	0.092339
87.961054	0.091434
87.994398	0.092330
88.027742	0.090559
88.061086	0.092339
88.094429	0.091434
88.127773	0.092330
88.161117	0.090559
88.194461	0.092310
88.227805	0.092310
88.261149	0.092310
88.294492	0.092339
88.327836	0.093204
88.361180	0.093204
88.394524	0.093204
88.427868	0.093204
88.461212	0.093204
88.494555	0.093204
88.527899	0.093203
88.561243	0.093204
88.594587	0.093204
88.627931	0.093203
88.661275	0.093204
88.694619	0.093226
88.727962	0.092326
88.761306	0.093217
88.794650	0.091447
88.827994	0.093226
88.861338	0.092321
88.894682	0.093217
88.928025	0.091447
88.961369	0.093198
88.994713	0.093226
89.028057	0.092321
89.061401	0.093217
89.094745	0.091447
89.128088	0.093226
89.161432	0.092321
89.194776	0.093217
89.228120	0.091447
89.261464	0.093226
89.294808	0.094092
89.328152	0.094092
89.361495	0.094092
89.394839	0.094092
89.428183	0.094092
89.461527	0.094092
89.494871	0.094092
89.528215	0.094092
89.561558	0.094092
89.594902	0.094092
89.628246	0.094091
89.661590	0.094092
89.694934	0.094085
89.728278	0.094092
89.761621	0.094085
89.794965	0.094085
89.828309	0.094085
89.861653	0.094113
89.894997	0.093211
89.928341	0.092334
89.961684	0.094113
89.995028	0.093208
90.028372	0.094100
90.061716	0.093221
90.095060	0.093208
90.128404	0.092334
90.161748	0.094085
90.195091	0.094085
90.228435	0.094085
90.261779	0.094085
90.295123	0.094085
90.328467	0.094085
90.361811	0.094085
90.395154	0.094085
90.428498	0.094085
90.461842	0.094113
90.495186	0.094978
90.528530	0.094978
90.561874	0.095000
90.595217	0.094100
90.628561	0.094992
90.661905	0.093221
90.695249	0.094972
90.728593	0.094972
90.761937	0.094972
90.795281	0.094972
90.828624	0.094972
90.861968	0.095000
90.895312	0.094096
90.928656	0.094992
90.962000	0.093221
90.995344	0.094972
91.028687	0.094972
91.062031	0.094972
91.095375	0.094972
91.128719	0.094972
91.162063	0.094972
91.195407	0.095000
91.228750	0.094096
91.262094	0.094988
91.295438	0.094108
91.328782	0.095891
91.362126	0.094988
91.395470	0.094108
91.428814	0.095865
91.462157	0.095888
91.495501	0.094988
91.528845	0.094108
91.562189	0.095866
91.595533	0.095891
91.628877	0.094988
91.662220	0.094108
91.695564	0.095888
91.728908	0.094992
91.762252	0.094988
91.795596	0.094108
91.828940	0.095891
91.862283	0.094988
91.895627	0.094107
91.928971	0.095888
91.962315	0.094988
91.995659	0.094108
92.029003	0.095888
92.062347	0.094986
92.095690	0.094108
92.129034	0.095888
92.162378	0.094982
92.195722	0.095879
92.229066	0.094108
92.262410	0.095888
92.295753	0.094986
92.329097	0.094108
92.362441	0.095888
92.395785	0.096778
92.429129	0.095875
92.462473	0.094996
92.495816	0.096778
92.529160	0.095875
92.562504	0.094996
92.595848	0.096778
92.629192	0.095875
92.662536	0.094996
92.695880	0.096778
92.729223	0.095875
92.762567	0.094996
92.795911	0.096778
92.829255	0.095875
92.862599	0.094996
92.895943	0.096747
92.929286	0.096747
92.962630	0.096778
92.995974	0.095875
93.029318	0.094996
93.062662	0.096747
93.096006	0.096778
93.129349	0.095875
93.162693	0.094996
93.196037	0.096747
93.229381	0.096747
93.262725	0.096747
93.296069	0.096747
93.329412	0.096747
93.362756	0.096747
93.396100	0.096747
93.429444	0.096775
93.462788	0.095875
93.496132	0.094996
93.529476	0.096747
93.562819	0.096747
93.596163	0.096775
93.629507	0.095875
93.662851	0.094996
93.696195	0.096747
93.729539	0.096747
93.762882	0.096778
93.796226	0.095875
93.829570	0.094996
93.862914	0.096778
93.896258	0.095875
93.929602	0.094996
93.962945	0.096778
93.996289	0.095875
94.029633	0.094996
94.062977	0.096778
94.096321	0.095875
94.129665	0.094996
94.163009	0.096778
94.196352	0.095875
94.229696	0.094996
94.263040	0.096775
94.296384	0.095874
94.329728	0.095000
94.363072	0.095883
94.396415	0.095875
94.429759	0.096766
94.463103	0.094996
94.496447	0.096775
94.529791	0.095874
94.563135	0.095000
94.596478	0.095883
94.629822	0.095875
94.663166	0.096760
94.696510	0.095891
94.729854	0.096775
94.763198	0.095875
94.796542	0.096766
94.829885	0.094996
94.863229	0.096747
94.896573	0.096747
94.929917	0.096747
94.963261	0.096747
94.996605	0.096747
95.029948	0.096747
95.063292	0.096775
95.096636	0.095873
95.129980	0.096766
95.163324	0.094996
95.196668	0.096747
95.230011	0.096747
95.263355	0.096747
95.296699	0.096747
95.330043	0.096747
95.363387	0.096747
95.396731	0.096775
95.430075	0.095870
95.463418	0.096762
95.496762	0.095883
95.530106	0.097641
95.563450	0.097641
95.596794	0.097662
95.630138	0.096762
95.663481	0.095883
95.696825	0.097662
95.730169	0.096762
95.763513	0.095883
95.796857	0.097662
95.830201	0.096762
95.863544	0.095883
95.896888	0.097662
95.930232	0.096762
95.963576	0.095883
95.996920	0.097662
96.030264	0.096762
96.063608	0.095883
96.096951	0.097662
96.130295	0.096762
96.163639	0.095883
96.196983	0.097662
96.230327	0.096762
96.263671	0.095883
96.297014	0.097662
96.330358	0.096760
96.363702	0.095883
96.397046	0.097662
96.430390	0.096760
96.463734	0.095883
96.497077	0.097662
96.530421	0.096760
96.563765	0.095883
96.597109	0.097662
96.630453	0.096757
96.663797	0.095883
96.697140	0.097658
96.730484	0.096756
96.763828	0.095883
96.797172	0.097662
96.830516	0.096757
96.863860	0.097650
96.897204	0.096770
96.930547	0.098553
96.963891	0.095883
96.997235	0.097634
97.030579	0.097658
97.063923	0.096756
97.097267	0.097650
97.130610	0.096770
97.163954	0.098550
97.197298	0.097650
97.230642	0.096770
97.263986	0.098528
97.297330	0.098528
97.330673	0.098528
97.364017	0.098550
97.397361	0.097650
97.430705	0.096770
97.464049	0.098550
97.497393	0.097650
97.530737	0.096770
97.564080	0.098550
97.597424	0.097650
97.630768	0.096770
97.664112	0.098550
97.697456	0.097650
97.730800	0.096770
97.764143	0.098528
97.797487	0.098550
97.830831	0.097650
97.864175	0.096770
97.897519	0.098550
97.930863	0.097650
97.964206	0.096770
97.997550	0.098521
98.030894	0.098521
98.064238	0.098521
98.097582	0.098521
98.130926	0.098521
98.164270	0.098521
98.197613	0.098521
98.230957	0.098521
98.264301	0.098550
98.297645	0.097648
98.330989	0.096770
98.364333	0.098550
98.397676	0.097650
98.431020	0.096770
98.464364	0.098550
98.497708	0.097650
98.531052	0.096770
98.564396	0.098550
98.597739	0.097650
98.631083	0.096770
98.664427	0.098550
98.697771	0.099414
98.731115	0.099414
98.764459	0.097645
98.797803	0.098537
98.831146	0.097657
98.864490	0.099437
98.897834	0.098537
98.931178	0.097657
98.964522	0.099437
98.997866	0.098537
99.031209	0.097657
99.064553	0.099437
99.097897	0.098537
99.131241	0.097657
99.164585	0.099437
99.197929	0.098537
99.231272	0.097657
99.264616	0.099409
99.297960	0.099409
99.331304	0.099409
99.364648	0.099409
99.397992	0.099409
99.431335	0.099409
99.464679	0.099409
99.498023	0.099409
99.531367	0.099437
99.564711	0.098535
99.598055	0.097656
99.631399	0.099437
99.664742	0.098537
99.698086	0.097656
99.731430	0.099437
99.764774	0.098537
99.798118	0.097656
99.831462	0.099437
99.864805	0.098537
99.898149	0.099424
99.931493	0.098545
99.964837	0.098532
99.998181	0.097657
100.031525	0.099437
100.064868	0.098530
100.098212	0.097657
100.131556	0.099437
100.164900	0.100327
100.198244	0.099424
100.231588	0.098545
100.264932	0.098532
100.298275	0.097657
100.331619	0.099437
100.364963	0.098531
100.398307	0.097657
100.431651	0.099437
100.464995	0.100303
100.498338	0.100303
100.531682	0.100324
100.565026	0.099424
100.598370	0.098545
100.631714	0.100303
100.665058	0.100303
100.698401	0.100303
100.731745	0.100303
100.765089	0.100296
100.798433	0.100324
100.831777	0.099424
100.865121	0.098545
100.898465	0.100324
100.931808	0.099418
100.965152	0.098545
100.998496	0.100324
101.031840	0.099419
101.065184	0.098545
101.098528	0.100324
101.131871	0.099418
101.165215	0.100311
101.198559	0.099431
101.231903	0.101211
101.265247	0.100311
101.298591	0.099431
101.331934	0.101211
101.365278	0.100311
101.398622	0.101203
101.431966	0.099432
101.465310	0.101211
101.498654	0.100307
101.531998	0.101199
101.565341	0.100319
101.598685	0.102102
101.632029	0.101199
101.665373	0.100319
101.698717	0.102102
101.732061	0.101199
101.765404	0.100319
101.798748	0.102077
101.832092	0.102102
101.865436	0.101199
101.898780	0.100319
101.932124	0.102102
101.965467	0.101193
101.998811	0.100318
102.032155	0.102099
102.065499	0.102989
102.098843	0.102086
102.132187	0.101207
102.165531	0.102989
102.198874	0.102086
102.232218	0.101207
102.265562	0.102989
102.298906	0.102086
102.332250	0.101207
102.365594	0.102989
102.398937	0.102086
102.432281	0.101207
102.465625	0.102989
102.498969	0.102086
102.532313	0.101207
102.565657	0.102986
102.599000	0.102081
102.632344	0.101207
102.665688	0.102982
102.699032	0.102080
102.732376	0.101207
102.765720	0.102986
102.799063	0.103876
102.832407	0.102973
102.865751	0.102094
102.899095	0.103873
102.932439	0.102973
102.965783	0.102094
102.999127	0.103876
103.032470	0.102973
103.065814	0.102094
103.099158	0.103873
103.132502	0.102973
103.165846	0.102094
103.199190	0.103876
103.232533	0.102973
103.265877	0.102094
103.299221	0.103876
103.332565	0.102973
103.365909	0.102094
103.399253	0.103869
103.432596	0.102973
103.465940	0.102094
103.499284	0.103873
103.532628	0.104764
103.565972	0.102094
103.599316	0.103876
103.632660	0.102968
103.666003	0.103861
103.699347	0.102981
103.732691	0.104763
103.766035	0.103861
103.799379	0.102981
103.832723	0.104761
103.866066	0.103861
103.899410	0.102981
103.932754	0.104761
103.966098	0.105652
103.999442	0.102981
104.032786	0.104763
104.066129	0.105648
104.099473	0.104748
104.132817	0.103867
104.166161	0.105648
104.199505	0.104748
104.232849	0.103868
104.266193	0.105648
104.299536	0.104748
104.332880	0.105635
104.366224	0.104756
104.399568	0.106538
104.432912	0.105635
104.466256	0.104756
104.499599	0.104743
104.532943	0.105635
104.566287	0.104756
104.599631	0.106538
104.632975	0.105635
104.666319	0.104756
104.699662	0.106538
104.733006	0.105635
104.766350	0.104756
104.799694	0.106535
104.833038	0.107426
104.866382	0.106522
104.899726	0.105642
104.933069	0.107422
104.966413	0.106522
104.999757	0.105642
105.033101	0.107422
105.066445	0.106522
105.099789	0.107410
105.133132	0.106530
105.166476	0.108314
105.199820	0.107410
105.233164	0.106530
105.266508	0.108313
105.299852	0.107410
105.333195	0.106530
105.366539	0.108313
105.399883	0.107410
105.433227	0.106530
105.466571	0.108310
105.499915	0.107410
105.533259	0.108297
105.566602	0.107417
105.599946	0.109197
105.633290	0.110063
105.666634	0.108297
105.699978	0.107417
105.733322	0.109199
105.766665	0.110084
105.800009	0.110950
105.833353	0.110981
105.866697	0.109184
105.900041	0.108305
105.933385	0.110063
105.966728	0.110084
106.000072	0.110972
106.033416	0.110072
106.066760	0.109192
106.100104	0.109184
106.133448	0.108305
106.166791	0.110084
106.200135	0.110974
106.233479	0.110097
106.266823	0.109192
106.300167	0.110974
106.333511	0.110072
106.366855	0.109192
106.400198	0.110972
106.433542	0.110072
106.466886	0.109192
106.500230	0.110975
106.533574	0.110072
106.566918	0.109192
106.600261	0.110975
106.633605	0.110097
106.666949	0.109191
106.700293	0.110974
106.733637	0.110072
106.766981	0.109192
106.800324	0.110974
106.833668	0.110097
106.867012	0.109199
106.900356	0.110084
106.933700	0.110972
106.967044	0.110072
107.000388	0.109192
107.033731	0.110974
107.067075	0.110072
107.100419	0.109192
107.133763	0.110975
107.167107	0.110097
107.200451	0.109192
107.233794	0.110975
107.267138	0.110097
107.300482	0.109192
107.333826	0.110972
107.367170	0.110072
107.400514	0.109192
107.433857	0.110974
107.467201	0.110072
107.500545	0.109192
107.533889	0.110974
107.567233	0.110072
107.600577	0.109192
107.633921	0.110974
107.667264	0.110072
107.700608	0.109192
107.733952	0.110972
107.767296	0.110097
107.800640	0.109192
107.833984	0.110974
107.867327	0.110097
107.900671	0.109191
107.934015	0.110974
107.967359	0.110072
108.000703	0.109192
108.034047	0.110974
108.067390	0.110072
108.100734	0.109192
108.134078	0.110974
108.167422	0.110072
108.200766	0.109191
108.234110	0.110972
108.267454	0.110097
108.300797	0.109192
108.334141	0.110974
108.367485	0.110097
108.400829	0.109192
108.434173	0.110974
108.467517	0.108305
108.500860	0.110080
108.534204	0.110974
108.567548	0.110072
108.600892	0.109192
108.634236	0.110974
108.667580	0.110072
108.700923	0.109192
108.734267	0.110975
108.767611	0.110072
108.800955	0.109192
108.834299	0.110974
108.867643	0.110097
108.900986	0.109191
108.934330	0.110972
108.967674	0.110097
109.001018	0.109192
109.034362	0.110972
109.067706	0.110097
109.101050	0.109192
109.134393	0.110974
109.167737	0.110072
109.201081	0.109192
109.234425	0.110974
109.267769	0.110072
109.301113	0.110959
109.334456	0.110085
109.367800	0.110968
109.401144	0.111863
109.434488	0.110959
109.467832	0.110079
109.501176	0.111862
109.534519	0.110959
109.567863	0.110078
109.601207	0.111859
109.634551	0.110959
109.667895	0.110079
109.701239	0.111859
109.734583	0.110959
109.767926	0.111846
109.801270	0.110973
109.834614	0.111859
109.867958	0.112750
109.901302	0.111846
109.934646	0.110966
109.967989	0.112750
110.001333	0.111846
110.034677	0.110973
110.068021	0.111854
110.101365	0.111871
110.134709	0.110967
110.168052	0.112746
110.201396	0.111846
110.234740	0.110967
110.268084	0.112749
110.301428	0.111846
110.334772	0.110967
110.368116	0.112746
110.401459	0.111846
110.434803	0.110967
110.468147	0.112746
110.501491	0.111846
110.534835	0.110967
110.568179	0.112746
110.601522	0.113637
110.634866	0.112759
110.668210	0.111854
110.701554	0.113636
110.734898	0.112733
110.768242	0.111854
110.801585	0.113633
110.834929	0.112759
110.868273	0.111854
110.901617	0.113633
110.934961	0.114525
110.968305	0.111854
111.001649	0.113633
111.034992	0.114524
111.068336	0.113621
111.101680	0.112740
111.135024	0.114524
111.168368	0.113646
111.201712	0.112741
111.235055	0.114521
111.268399	0.113646
111.301743	0.112741
111.335087	0.114524
111.368431	0.115418
111.401775	0.115418
111.435118	0.113646
111.468462	0.114508
111.501806	0.113635
111.535150	0.114521
111.568494	0.115412
111.601838	0.114508
111.635182	0.113636
111.668525	0.114516
111.701869	0.114508
111.735213	0.113636
111.768557	0.114516
111.801901	0.114508
111.835245	0.113635
111.868588	0.114516
111.901932	0.114533
111.935276	0.113628
111.968620	0.115411
112.001964	0.116305
112.035308	0.114533
112.068651	0.113628
112.101995	0.115408
112.135339	0.116299
112.168683	0.115421
112.202027	0.114524
112.235371	0.115404
112.268714	0.116298
112.302058	0.115421
112.335402	0.114524
112.368746	0.115410
112.402090	0.116298
112.435434	0.115421
112.468778	0.114516
112.502121	0.116295
112.535465	0.115421
112.568809	0.116282
112.602153	0.115403
112.635497	0.117185
112.668841	0.116282
112.702184	0.115403
112.735528	0.117185
112.768872	0.116282
112.802216	0.115403
112.835560	0.117185
112.868904	0.116282
112.902247	0.115403
112.935591	0.117185
112.968935	0.118079
113.002279	0.118079
113.035623	0.116308
113.068967	0.117170
113.102311	0.116297
113.135654	0.117182
113.168998	0.118078
113.202342	0.118073
113.235686	0.117195
113.269030	0.116290
113.302374	0.118070
113.335717	0.118967
113.369061	0.117195
113.402405	0.118057
113.435749	0.117184
113.469093	0.118070
113.502437	0.118965
113.535780	0.118960
113.569124	0.118082
113.602468	0.117178
113.635812	0.118957
113.669156	0.119856
113.702500	0.118083
113.735844	0.118970
113.769187	0.118072
113.802531	0.118957
113.835875	0.119854
113.869219	0.119847
113.902563	0.118970
113.935907	0.119832
113.969250	0.118959
114.002594	0.119847
114.035938	0.118970
114.069282	0.118065
114.102626	0.119844
114.135970	0.118970
114.169313	0.119832
114.202657	0.118959
114.236001	0.119847
114.269345	0.120735
114.302689	0.119830
114.336033	0.118959
114.369377	0.119844
114.402720	0.120741
114.436064	0.120739
114.469408	0.120734
114.502752	0.119857
114.536096	0.120717
114.569440	0.119844
114.602783	0.120732
114.636127	0.121629
114.669471	0.119858
114.702815	0.120718
114.736159	0.119846
114.769503	0.120732
114.802846	0.121622
114.836190	0.120744
114.869534	0.121604
114.902878	0.120734
114.936222	0.121619
114.969566	0.120744
115.002910	0.121606
115.036253	0.120734
115.069597	0.121622
115.102941	0.122516
115.136285	0.120745
115.169629	0.121632
115.202973	0.120732
115.236316	0.121619
115.269660	0.122516
115.303004	0.122514
115.336348	0.120745
115.369692	0.121632
115.403036	0.120734
115.436379	0.121619
115.469723	0.122514
115.503067	0.122509
115.536411	0.121632
115.569755	0.122493
115.603099	0.121619
115.636442	0.122506
115.669786	0.123403
115.703130	0.121633
115.736474	0.122493
115.769818	0.121621
115.803162	0.122506
115.836506	0.123396
115.869849	0.122519
115.903193	0.121620
115.936537	0.122506
115.969881	0.123393
116.003225	0.124290
116.036569	0.122519
116.069912	0.121614
116.103256	0.123393
116.136600	0.124290
116.169944	0.124290
116.203288	0.124290
116.236632	0.124288
116.269975	0.124290
116.303319	0.124290
116.336663	0.124290
116.370007	0.124288
116.403351	0.124288
116.436695	0.124290
116.470039	0.124290
116.503382	0.124292
116.536726	0.124288
116.570070	0.124290
116.603414	0.124290
116.636758	0.124288
116.670102	0.124288
116.703445	0.124288
116.736789	0.124288
116.770133	0.124288
116.803477	0.124288
116.836821	0.124290
116.870165	0.124290
116.903508	0.124288
116.936852	0.124288
116.970196	0.124290
117.003540	0.124290
117.036884	0.124288
117.070228	0.124290
117.103572	0.124290
117.136915	0.124290
117.170259	0.124290
117.203603	0.124288
117.236947	0.124290
117.270291	0.124290
117.303635	0.124288
117.336978	0.124288
117.370322	0.122519
117.403666	0.121614
117.437010	0.123389
117.470354	0.124290
117.503698	0.122519
117.537041	0.121614
117.570385	0.123396
117.603729	0.124290
117.637073	0.124290
117.670417	0.122519
117.703761	0.123381
117.737105	0.122506
117.770448	0.123401
117.803792	0.123401
117.837136	0.123396
117.870480	0.124290
117.903824	0.124290
117.937168	0.124288
117.970511	0.122519
118.003855	0.123381
118.037199	0.122506
118.070543	0.123401
118.103887	0.123396
118.137231	0.122519
118.170574	0.123381
118.203918	0.122506
118.237262	0.123396
118.270606	0.122519
118.303950	0.121621
118.337294	0.122506
118.370637	0.123396
118.403981	0.122519
118.437325	0.121614
118.470669	0.123393
118.504013	0.124288
118.537357	0.124288
118.570701	0.124292
118.604044	0.124290
118.637388	0.124290
118.670732	0.124292
118.704076	0.124292
118.737420	0.122520
118.770764	0.125178
118.804107	0.123406
118.837451	0.122506
118.870795	0.123393
118.904139	0.124288
118.937483	0.124290
118.970827	0.122519
119.004170	0.123381
119.037514	0.122506
119.070858	0.123393
119.104202	0.124284
119.137546	0.123381
119.170890	0.122506
119.204234	0.123393
119.237577	0.124288
119.270921	0.124288
119.304265	0.124288
119.337609	0.124288
119.370953	0.124288
119.404297	0.124288
119.437640	0.124284
119.470984	0.123406
119.504328	0.122501
119.537672	0.124284
119.571016	0.123406
119.604360	0.122501
119.637703	0.124281
119.671047	0.125178
119.704391	0.125180
119.737735	0.125176
119.771079	0.125176
119.804423	0.125176
119.837767	0.125171
119.871110	0.126065
119.904454	0.124293
119.937798	0.123389
119.971142	0.125164
120.004486	0.126063
120.037830	0.126063
120.071173	0.126065
120.104517	0.126063
120.137861	0.126058
120.171205	0.125181
120.204549	0.126043
120.237893	0.125170
120.271236	0.126055
120.304580	0.126950
120.337924	0.126950
120.371268	0.126950
120.404612	0.126950
120.437956	0.126950
120.471300	0.126950
120.504643	0.126950
120.537987	0.126950
120.571331	0.126950
120.604675	0.126950
120.638019	0.126945
120.671363	0.127838
120.704706	0.127840
120.738050	0.126068
120.771394	0.125163
120.804738	0.126943
120.838082	0.127838
120.871426	0.127840
120.904769	0.127840
120.938113	0.127838
120.971457	0.127833
121.004801	0.126930
121.038145	0.126050
121.071489	0.127830
121.104833	0.126930
121.138176	0.126050
121.171520	0.127830
121.204864	0.126930
121.238208	0.127817
121.271552	0.126938
121.304896	0.128717
121.338239	0.127817
121.371583	0.126938
121.404927	0.128717
121.438271	0.127810
121.471615	0.126938
121.504959	0.128717
121.538302	0.129583
121.571646	0.129574
121.604990	0.128708
121.638334	0.128704
121.671678	0.127825
121.705022	0.129604
121.738365	0.128704
121.771709	0.127825
121.805053	0.129584
121.838397	0.128712
121.871741	0.128698
121.905085	0.127825
121.938429	0.129576
121.971772	0.129604
122.005116	0.130469
122.038460	0.130471
122.071804	0.129604
122.105148	0.130463
122.138492	0.130463
122.171835	0.130463
122.205179	0.130463
122.238523	0.130463
122.271867	0.130463
122.305211	0.130466
122.338555	0.130463
122.371898	0.130466
122.405242	0.130466
122.438586	0.130462
122.471930	0.131349
122.505274	0.130479
122.538618	0.129599
122.571962	0.129585
122.605305	0.130472
122.638649	0.129599
122.671993	0.131351
122.705337	0.131349
122.738681	0.130472
122.772025	0.131366
122.805368	0.130487
122.838712	0.132244
122.872056	0.132245
122.905400	0.132236
122.938744	0.131361
122.972088	0.130487
123.005431	0.132236
123.038775	0.131359
123.072119	0.130462
123.105463	0.131350
123.138807	0.132236
123.172151	0.131333
123.205495	0.131361
123.238838	0.130455
123.272182	0.131350
123.305526	0.130472
123.338870	0.131334
123.372214	0.131333
123.405558	0.131333
123.438901	0.131333
123.472245	0.131333
123.505589	0.131333
123.538933	0.131333
123.572277	0.131333
123.605621	0.131333
123.638964	0.131333
123.672308	0.131333
123.705652	0.131333
123.738996	0.131333
123.772340	0.131333
123.805684	0.131333
123.839028	0.131333
123.872371	0.131333
123.905715	0.131333
123.939059	0.131332
123.972403	0.132221
124.005747	0.132221
124.039091	0.132224
124.072434	0.130369
124.105778	0.129448
124.139122	0.126767
124.172466	0.125845
124.205810	0.125864
124.239154	0.124089
124.272497	0.125869
124.305841	0.127638
124.339185	0.125874
124.372529	0.126751
124.405873	0.128519
124.439217	0.127638
124.472561	0.125864
124.505904	0.127638
124.539248	0.125864
124.572592	0.127638
124.605936	0.125864
124.639280	0.124099
124.672624	0.126767
124.705967	0.127638
124.739311	0.125864
124.772655	0.127638
124.805999	0.125864
124.839343	0.127638
124.872687	0.125864
124.906030	0.124093
124.939374	0.125864
124.972718	0.127638
125.006062	0.125864
125.039406	0.127638
125.072750	0.125864
125.106093	0.127638
125.139437	0.125864
125.172781	0.127638
125.206125	0.125864
125.239469	0.127632
125.272813	0.126751
125.306157	0.124976
125.339500	0.126751
125.372844	0.124980
125.406188	0.126751
125.439532	0.126742
125.472876	0.125864
125.506220	0.127638
125.539563	0.125864
125.572907	0.127638
125.606251	0.125864
125.639595	0.127638
125.672939	0.125864
125.706283	0.127638
125.739626	0.125864
125.772970	0.127638
125.806314	0.127622
125.839658	0.127638
125.873002	0.125864
125.906346	0.127632
125.939690	0.126751
125.973033	0.126742
126.006377	0.125864
126.039721	0.127638
126.073065	0.125864
126.106409	0.124093
126.139753	0.125864
126.173096	0.127638
126.206440	0.125864
126.239784	0.127638
126.273128	0.125864
126.306472	0.127638
126.339816	0.125864
126.373159	0.127638
126.406503	0.125864
126.439847	0.127638
126.473191	0.125864
126.506535	0.124093
126.539879	0.125864
126.573223	0.127632
126.606566	0.126751
126.639910	0.124976
126.673254	0.126751
126.706598	0.128525
126.739942	0.126751
126.773286	0.124976
126.806629	0.126751
126.839973	0.126735
126.873317	0.126751
126.906661	0.124976
126.940005	0.126751
126.973349	0.124976
127.006692	0.126751
127.040036	0.126767
127.073380	0.127638
127.106724	0.125864
127.140068	0.127638
127.173412	0.125864
127.206756	0.127638
127.240099	0.125864
127.273443	0.127638
127.306787	0.125864
127.340131	0.127638
127.373475	0.125864
127.406819	0.127638
127.440162	0.125864
127.473506	0.127638
127.506850	0.125864
127.540194	0.127638
127.573538	0.125864
127.606882	0.127638
127.640225	0.125864
127.673569	0.127632
127.706913	0.126751
127.740257	0.124976
127.773601	0.126751
127.806945	0.124976
127.840288	0.126751
127.873632	0.126735
127.906976	0.126751
127.940320	0.126735
127.973664	0.126751
128.007008	0.124976
128.040352	0.126751
128.073695	0.124976
128.107039	0.126751
128.140383	0.126735
128.173727	0.126751
128.207071	0.124976
128.240415	0.126751
128.273758	0.124976
128.307102	0.126751
128.340446	0.124976
128.373790	0.126751
128.407134	0.126735
128.440478	0.126751
128.473821	0.124976
128.507165	0.126751
128.540509	0.124976
128.573853	0.126751
128.607197	0.126742
128.640541	0.125864
128.673885	0.127638
128.707228	0.125864
128.740572	0.127638
128.773916	0.125864
128.807260	0.127638
128.840604	0.125864
128.873948	0.127638
128.907291	0.125864
128.940635	0.127638
128.973979	0.125864
129.007323	0.127638
129.040667	0.125864
129.074011	0.127632
129.107354	0.126751
129.140698	0.124976
129.174042	0.126751
129.207386	0.124980
129.240730	0.126751
129.274074	0.124976
129.307418	0.126751
129.340761	0.126735
129.374105	0.126751
129.407449	0.124976
129.440793	0.126751
129.474137	0.124980
129.507481	0.126751
129.540824	0.124976
129.574168	0.126751
129.607512	0.124980
129.640856	0.126751
129.674200	0.124976
129.707544	0.126751
129.740887	0.126742
129.774231	0.125864
129.807575	0.127638
129.840919	0.125864
129.874263	0.127638
129.907607	0.125864
129.940951	0.127638
129.974294	0.125864
130.007638	0.127632
130.040982	0.126751
130.074326	0.126732
130.107670	0.126751
130.141014	0.128525
130.174357	0.126751
130.207701	0.128519
130.241045	0.127638
130.274389	0.125864
130.307733	0.127638
130.341077	0.125864
130.374420	0.127638
130.407764	0.125864
130.441108	0.127638
130.474452	0.125864
130.507796	0.127638
130.541140	0.125864
130.574484	0.127638
130.607827	0.125864
130.641171	0.127638
130.674515	0.125864
130.707859	0.127638
130.741203	0.125864
130.774547	0.127638
130.807890	0.125864
130.841234	0.127638
130.874578	0.125864
130.907922	0.127638
130.941266	0.125864
130.974610	0.127638
131.007953	0.125864
131.041297	0.127638
131.074641	0.125864
131.107985	0.127638
131.141329	0.127622
131.174673	0.127638
131.208016	0.125864
131.241360	0.127638
131.274704	0.125864
131.308048	0.127638
131.341392	0.125864
131.374736	0.127632
131.408080	0.126751
131.441423	0.124976
131.474767	0.126751
131.508111	0.126742
131.541455	0.125864
131.574799	0.127638
131.608143	0.125864
131.641486	0.127638
131.674830	0.125864
131.708174	0.127638
131.741518	0.125864
131.774862	0.127638
131.808206	0.125864
131.841549	0.127638
131.874893	0.125864
131.908237	0.127638
131.941581	0.125864
131.974925	0.127638
132.008269	0.125864
132.041613	0.127638
132.074956	0.125864
132.108300	0.127638
132.141644	0.125864
132.174988	0.127638
132.208332	0.125864
132.241676	0.127638
132.275019	0.125864
132.308363	0.127638
132.341707	0.125864
132.375051	0.127638
132.408395	0.125864
132.441739	0.127638
132.475082	0.127622
132.508426	0.127638
132.541770	0.125864
132.575114	0.127638
132.608458	0.125864
132.641802	0.127638
132.675146	0.125864
132.708489	0.127638
132.741833	0.127622
132.775177	0.127638
132.808521	0.125864
132.841865	0.127638
132.875209	0.125864
132.908552	0.127638
132.941896	0.125864
132.975240	0.127632
133.008584	0.126751
133.041928	0.124976
133.075272	0.126751
133.108615	0.126742
133.141959	0.125864
133.175303	0.127638
133.208647	0.125864
133.241991	0.127638
133.275335	0.125864
133.308679	0.127638
133.342022	0.125864
133.375366	0.127638
133.408710	0.127622
133.442054	0.127638
133.475398	0.125864
133.508742	0.127638
133.542085	0.125864
133.575429	0.127638
133.608773	0.125864
133.642117	0.127638
133.675461	0.125864
133.708805	0.127638
133.742148	0.125864
133.775492	0.127638
133.808836	0.127622
133.842180	0.127638
133.875524	0.125864
133.908868	0.127638
133.942212	0.125864
133.975555	0.127638
134.008899	0.125864
134.042243	0.127638
134.075587	0.127622
134.108931	0.127638
134.142275	0.125864
134.175618	0.127638
134.208962	0.127622
134.242306	0.127638
134.275650	0.127622
134.308994	0.127638
134.342338	0.127622
134.375681	0.127638
134.409025	0.129413
134.442369	0.127638
134.475713	0.125867
134.509057	0.127638
134.542401	0.129413
134.575744	0.127638
134.609088	0.129413
134.642432	0.127638
134.675776	0.129406
134.709120	0.128525
134.742464	0.130293
134.775808	0.129413
134.809151	0.127638
134.842495	0.129413
134.875839	0.127638
134.909183	0.129413
134.942527	0.127638
134.975871	0.129413
135.009214	0.129397
135.042558	0.129413
135.075902	0.127638
135.109246	0.129413
135.142590	0.129397
135.175934	0.129413
135.209277	0.127638
135.242621	0.129413
135.275965	0.129397
135.309309	0.129413
135.342653	0.127638
135.375997	0.129413
135.409341	0.129397
135.442684	0.129413
135.476028	0.129397
135.509372	0.129413
135.542716	0.131181
135.576060	0.130300
135.609404	0.128525
135.642747	0.130300
135.676091	0.130284
135.709435	0.130300
135.742779	0.132068
135.776123	0.131187
135.809467	0.131171
135.842810	0.131187
135.876154	0.131178
135.909498	0.130300
135.942842	0.132075
135.976186	0.130300
136.009530	0.132075
136.042874	0.130300
136.076217	0.132075
136.109561	0.130300
136.142905	0.132075
136.176249	0.132059
136.209593	0.132075
136.242937	0.130300
136.276280	0.132075
136.309624	0.130300
136.342968	0.132075
136.376312	0.130300
136.409656	0.132075
136.443000	0.130300
136.476343	0.132075
136.509687	0.132065
136.543031	0.131187
136.576375	0.132962
136.609719	0.131187
136.643063	0.132962
136.676407	0.131187
136.709750	0.132962
136.743094	0.131187
136.776438	0.132962
136.809782	0.131187
136.843126	0.132962
136.876470	0.131187
136.909813	0.132962
136.943157	0.131187
136.976501	0.132955
137.009845	0.132075
137.043189	0.133849
137.076533	0.132075
137.109876	0.133850
137.143220	0.132075
137.176564	0.133849
137.209908	0.132075
137.243252	0.133849
137.276596	0.132075
137.309939	0.133849
137.343283	0.132075
137.376627	0.133849
137.409971	0.133833
137.443315	0.133849
137.476659	0.132075
137.510003	0.133849
137.543346	0.132078
137.576690	0.133849
137.610034	0.132075
137.643378	0.133849
137.676722	0.135624
137.710066	0.133849
137.743409	0.135625
137.776753	0.133849
137.810097	0.135624
137.843441	0.133849
137.876785	0.135625
137.910129	0.133849
137.943472	0.135624
137.976816	0.133849
138.010160	0.135624
138.043504	0.135608
138.076848	0.132049
138.110192	0.129342
138.143536	0.128443
138.176879	0.126639
138.210223	0.123100
138.243567	0.125767
138.276911	0.126657
138.310255	0.129335
138.343599	0.128441
138.376942	0.128441
138.410286	0.128432
138.443630	0.125781
138.476974	0.125779
138.510318	0.125767
138.543662	0.126655
138.577005	0.127542
138.610349	0.128429
138.643693	0.129317
138.677037	0.126667
138.710381	0.126655
138.743725	0.127553
138.777069	0.127542
138.810412	0.128432
138.843756	0.129317
138.877100	0.128448
138.910444	0.127542
138.943788	0.124892
138.977132	0.128429
139.010475	0.129317
139.043819	0.130206
139.077163	0.131094
139.110507	0.128432
139.143851	0.129319
139.177195	0.126664
139.210538	0.126664
139.243882	0.126666
139.277226	0.126666
139.310570	0.126666
139.343914	0.130206
139.377258	0.127547
139.410602	0.127553
139.443945	0.129335
139.477289	0.128429
139.510633	0.129317
139.543977	0.126667
139.577321	0.130204
139.610665	0.127552
139.644008	0.131094
139.677352	0.128441
139.710696	0.130222
139.744040	0.129328
139.777384	0.129317
139.810728	0.130204
139.844071	0.127554
139.877415	0.131094
139.910759	0.128441
139.944103	0.128441
139.977447	0.128441
140.010791	0.131981
140.044135	0.132868
140.077478	0.130204
140.110822	0.131091
140.144166	0.128441
140.177510	0.128441
140.210854	0.128441
140.244198	0.128434
140.277541	0.131981
140.310885	0.129317
140.344229	0.130204
140.377573	0.131091
140.410917	0.131981
140.444261	0.129326
140.477604	0.129317
140.510948	0.130204
140.544292	0.131091
140.577636	0.131978
140.610980	0.129329
140.644324	0.131110
140.677667	0.130213
140.711011	0.130215
140.744355	0.130215
140.777699	0.133756
140.811043	0.131091
140.844387	0.131978
140.877731	0.132866
140.911074	0.130206
140.944418	0.131091
140.977762	0.131978
141.011106	0.132868
141.044450	0.131997
141.077794	0.131103
141.111137	0.131091
141.144481	0.131978
141.177825	0.132866
141.211169	0.133753
141.244513	0.131091
141.277857	0.131978
141.311200	0.132868
141.344544	0.131997
141.377888	0.131103
141.411232	0.132865
141.444576	0.130215
141.477920	0.133756
141.511264	0.132850
141.544607	0.134654
141.577951	0.134643
141.611295	0.131978
141.644639	0.132866
141.677983	0.133756
141.711327	0.134643
141.744670	0.135530
141.778014	0.132866
141.811358	0.133753
141.844702	0.134643
141.878046	0.135530
141.911390	0.132868
141.944733	0.133753
141.978077	0.134643
142.011421	0.135530
142.044765	0.134659
142.078109	0.133764
142.111453	0.133753
142.144797	0.134640
142.178140	0.135530
142.211484	0.136417
142.244828	0.133756
142.278172	0.134640
142.311516	0.135527
142.344860	0.134659
142.378203	0.133764
142.411547	0.135546
142.444891	0.134643
142.478235	0.135527
142.511579	0.136429
142.544923	0.136417
142.578266	0.135546
142.611610	0.134652
142.644954	0.136430
142.678298	0.136415
142.711642	0.133765
142.744986	0.135527
142.778330	0.136415
142.811673	0.137302
142.845017	0.134650
142.878361	0.134652
142.911705	0.136433
142.945049	0.135539
142.978393	0.135527
143.011736	0.136417
143.045080	0.137305
143.078424	0.138192
143.111768	0.135530
143.145112	0.136415
143.178456	0.137305
143.211799	0.136433
143.245143	0.135540
143.278487	0.139079
143.311831	0.136415
143.345175	0.137302
143.378519	0.138189
143.411863	0.139079
143.445206	0.136415
143.478550	0.137302
143.511894	0.138192
143.545238	0.139079
143.578582	0.136415
143.611926	0.137302
143.645269	0.138192
143.678613	0.139079
143.711957	0.136417
143.745301	0.137302
143.778645	0.138192
143.811989	0.139079
143.845332	0.139966
143.878676	0.137302
143.912020	0.138189
143.945364	0.139088
143.978708	0.139079
144.012052	0.139966
144.045395	0.137312
144.078739	0.140851
144.112083	0.138189
144.145427	0.139077
144.178771	0.139964
144.212115	0.137312
144.245459	0.137313
144.278802	0.139095
144.312146	0.138189
144.345490	0.139077
144.378834	0.139964
144.412178	0.137314
144.445522	0.139095
144.478865	0.138201
144.512209	0.139982
144.545553	0.139077
144.578897	0.139964
144.612241	0.137313
144.645585	0.140863
144.678928	0.140851
144.712272	0.141741
144.745616	0.139077
144.778960	0.139964
144.812304	0.140854
144.845648	0.141741
144.878992	0.139082
144.912335	0.139086
144.945679	0.139089
144.979023	0.142638
145.012367	0.142628
145.045711	0.139968
145.079055	0.140851
145.112398	0.141741
145.145742	0.142628
145.179086	0.143516
145.212430	0.140851
145.245774	0.141741
145.279118	0.142628
145.312461	0.143516
145.345805	0.140851
145.379149	0.141741
145.412493	0.142628
145.445837	0.143516
145.479181	0.140856
145.512525	0.141741
145.545868	0.142628
145.579212	0.143516
145.612556	0.140856
145.645900	0.141738
145.679244	0.142628
145.712588	0.143516
145.745931	0.142644
145.779275	0.141750
145.812619	0.141738
145.845963	0.142628
145.879307	0.143516
145.912651	0.144403
145.945994	0.141738
145.979338	0.142628
146.012682	0.143516
146.046026	0.144403
146.079370	0.141743
146.112714	0.142626
146.146058	0.143516
146.179401	0.144403
146.212745	0.145302
146.246089	0.145290
146.279433	0.142631
146.312777	0.142631
146.346121	0.146189
146.379464	0.146189
146.412808	0.146175
146.446152	0.147065
146.479496	0.144400
146.512840	0.145290
146.546184	0.146177
146.579527	0.147065
146.612871	0.144405
146.646215	0.144400
146.679559	0.145288
146.712903	0.146175
146.746247	0.147065
146.779590	0.147952
146.812934	0.145288
146.846278	0.146175
146.879622	0.147062
146.912966	0.147952
146.946310	0.145288
146.979654	0.146175
147.012997	0.147065
147.046341	0.147949
147.079685	0.145288
147.113029	0.146175
147.146373	0.147062
147.179717	0.147952
147.213060	0.145288
147.246404	0.146175
147.279748	0.147065
147.313092	0.147949
147.346436	0.145295
147.379780	0.148837
147.413123	0.146175
147.446467	0.147062
147.479811	0.147949
147.513155	0.145299
147.546499	0.145299
147.579843	0.148839
147.613187	0.146175
147.646530	0.147065
147.679874	0.147952
147.713218	0.148839
147.746562	0.149727
147.779906	0.147065
147.813250	0.147952
147.846593	0.148839
147.879937	0.149727
147.913281	0.147062
147.946625	0.147952
147.979969	0.148839
148.013313	0.149727
148.046656	0.147067
148.080000	0.147072
148.113344	0.147070
148.146688	0.147074
148.180032	0.147066
148.213376	0.147952
148.246720	0.148839
148.280063	0.149727
148.313407	0.150614
148.346751	0.147949
148.380095	0.148839
148.413439	0.149727
148.446783	0.150625
148.480126	0.150614
148.513470	0.147955
148.546814	0.147955
148.580158	0.147961
148.613502	0.151501
148.646846	0.148839
148.680189	0.149727
148.713533	0.148855
148.746877	0.151513
148.780221	0.151513
148.813565	0.151501
148.846909	0.147059
148.880253	0.151513
148.913596	0.151511
148.946940	0.151501
148.980284	0.148846
149.013628	0.148846
149.046972	0.148849
149.080316	0.152400
149.113659	0.148842
149.147003	0.148846
149.180347	0.148849
149.213691	0.152400
149.247035	0.148842
149.280379	0.148842
149.313722	0.148849
149.347066	0.150630
149.380410	0.149735
149.413754	0.149735
149.447098	0.149729
149.480442	0.149734
149.513786	0.149736
149.547129	0.153287
149.580473	0.151517
149.613817	0.150623
149.647161	0.148833
149.680505	0.149736
149.713849	0.153285
149.747192	0.151517
149.780536	0.150623
149.813880	0.154163
149.847224	0.149720
149.880568	0.150623
149.913912	0.150623
149.947255	0.152404
149.980599	0.151510
150.013943	0.151504
150.047287	0.151508
150.080631	0.151508
150.113975	0.155062
150.147318	0.155050
150.180662	0.152388
150.214006	0.153276
150.247350	0.152404
150.280694	0.151511
150.314038	0.155062
150.347382	0.155050
150.380725	0.152395
150.414069	0.155938
150.447413	0.153283
150.480757	0.153284
150.514101	0.153276
150.547445	0.152404
150.580788	0.151511
150.614132	0.153292
150.647476	0.152398
150.680820	0.152390
150.714164	0.153276
150.747508	0.152410
150.780851	0.155059
150.814195	0.153292
150.847539	0.155946
150.880883	0.154179
150.914227	0.156836
150.947571	0.153278
150.980915	0.153283
151.014258	0.153287
151.047602	0.156836
151.080946	0.153277
151.114290	0.154165
151.147634	0.156841
151.180978	0.155945
151.214321	0.154180
151.247665	0.153285
151.281009	0.155065
151.314353	0.157723
151.347697	0.154166
151.381041	0.154166
151.414384	0.157723
151.447728	0.157723
151.481072	0.154166
151.514416	0.154170
151.547760	0.154173
151.581104	0.154173
151.614448	0.154166
151.647791	0.154170
151.681135	0.154173
151.714479	0.157723
151.747823	0.155953
151.781167	0.158611
151.814511	0.156841
151.847854	0.155947
151.881198	0.155939
151.914542	0.156832
151.947886	0.156832
151.981230	0.156834
152.014574	0.156834
152.047917	0.156832
152.081261	0.156832
152.114605	0.156836
152.147949	0.158614
152.181293	0.159502
152.214637	0.158606
152.247981	0.158608
152.281324	0.160390
152.314668	0.159495
152.348012	0.159487
152.381356	0.158615
152.414700	0.161268
152.448044	0.161273
152.481387	0.157717
152.514731	0.157722
152.548075	0.161273
152.581419	0.161273
152.614763	0.161261
152.648107	0.158606
152.681450	0.158606
152.714794	0.158611
152.748138	0.158601
152.781482	0.159487
152.814826	0.158615
152.848170	0.159502
152.881514	0.162160
152.914857	0.158601
152.948201	0.159487
152.981545	0.158616
153.014889	0.159502
153.048233	0.162160
153.081577	0.158601
153.114920	0.159487
153.148264	0.158615
153.181608	0.159502
153.214952	0.162160
153.248296	0.158601
153.281640	0.159487
153.314983	0.158616
153.348327	0.159502
153.381671	0.162160
153.415015	0.158601
153.448359	0.159487
153.481703	0.158621
153.515046	0.159502
153.548390	0.162160
153.581734	0.158606
153.615078	0.158606
153.648422	0.158611
153.681766	0.162160
153.715110	0.158602
153.748453	0.158606
153.781797	0.158611
153.815141	0.160389
153.848485	0.161273
153.881829	0.157723
153.915173	0.159502
153.948516	0.162160
153.981860	0.158602
154.015204	0.158606
154.048548	0.158606
154.081892	0.162160
154.115236	0.158602
154.148579	0.158606
154.181923	0.158611
154.215267	0.162160
154.248611	0.158602
154.281955	0.158606
154.315299	0.158606
154.348643	0.162160
154.381986	0.158602
154.415330	0.158606
154.448674	0.158606
154.482018	0.162158
154.515362	0.158601
154.548706	0.159487
154.582049	0.158615
154.615393	0.159502
154.648737	0.160389
154.682081	0.161273
154.715425	0.157721
154.748769	0.159502
154.782112	0.162160
154.815456	0.160390
154.848800	0.161273
154.882144	0.157721
154.915488	0.159502
154.948832	0.160389
154.982176	0.161273
155.015519	0.159502
155.048863	0.158606
155.082207	0.160389
155.115551	0.161273
155.148895	0.157723
155.182239	0.159502
155.215582	0.160389
155.248926	0.161273
155.282270	0.157723
155.315614	0.159502
155.348958	0.160389
155.382302	0.161273
155.415645	0.157721
155.448989	0.159502
155.482333	0.160389
155.515677	0.161273
155.549021	0.157717
155.582365	0.157723
155.615709	0.161273
155.649052	0.157715
155.682396	0.157717
155.715740	0.159502
155.749084	0.160389
155.782428	0.159492
155.815772	0.161277
155.849115	0.160381
155.882459	0.162163
155.915803	0.161273
155.949147	0.157719
155.982491	0.157719
156.015835	0.159502
156.049178	0.160389
156.082522	0.159495
156.115866	0.161277
156.149210	0.160381
156.182554	0.158615
156.215898	0.159502
156.249241	0.160389
156.282585	0.161276
156.315929	0.160385
156.349273	0.162163
156.382617	0.161273
156.415961	0.157719
156.449305	0.159502
156.482648	0.160389
156.515992	0.159494
156.549336	0.161273
156.582680	0.159502
156.616024	0.160389
156.649368	0.159494
156.682711	0.159498
156.716055	0.161277
156.749399	0.160381
156.782743	0.158615
156.816087	0.159502
156.849431	0.160389
156.882774	0.159495
156.916118	0.159487
156.949462	0.158615
156.982806	0.157723
157.016150	0.157714
157.049494	0.158599
157.082838	0.161276
157.116181	0.160385
157.149525	0.156827
157.182869	0.156834
157.216213	0.158614
157.249557	0.159499
157.282901	0.159494
157.316244	0.157727
157.349588	0.158614
157.382932	0.159499
157.416276	0.155949
157.449620	0.157728
157.482964	0.156832
157.516307	0.158615
157.549651	0.157719
157.582995	0.159499
157.616339	0.157727
157.649683	0.158614
157.683027	0.157719
157.716371	0.159499
157.749714	0.157727
157.783058	0.158614
157.816402	0.157719
157.849746	0.159499
157.883090	0.157727
157.916434	0.156834
157.949777	0.158615
157.983121	0.157719
158.016465	0.157721
158.049809	0.155960
158.083153	0.156841
158.116497	0.155949
158.149840	0.155939
158.183184	0.156825
158.216528	0.155953
158.249872	0.155060
158.283216	0.156840
158.316560	0.157727
158.349904	0.158612
158.383247	0.158608
158.416591	0.158611
158.449935	0.155053
158.483279	0.155053
158.516623	0.155060
158.549967	0.156840
158.583310	0.157727
158.616654	0.156834
158.649998	0.158615
158.683342	0.157721
158.716686	0.159502
158.750030	0.158599
158.783373	0.155945
158.816717	0.155945
158.850061	0.157727
158.883405	0.156834
158.916749	0.156834
158.950093	0.158615
158.983437	0.154172
159.016780	0.155953
159.050124	0.156840
159.083468	0.155939
159.116812	0.158615
159.150156	0.154172
159.183500	0.154172
159.216843	0.155953
159.250187	0.156840
159.283531	0.157727
159.316875	0.158615
159.350219	0.157719
159.383563	0.154172
159.416906	0.157723
159.450250	0.157712
159.483594	0.155053
159.516938	0.155060
159.550282	0.155060
159.583626	0.156841
159.616969	0.157727
159.650313	0.156832
159.683657	0.156834
159.717001	0.156832
159.750345	0.156832
159.783689	0.158612
159.817033	0.155062
159.850376	0.155060
159.883720	0.156840
159.917064	0.157728
159.950408	0.156834
159.983752	0.156825
160.017096	0.155953
160.050439	0.158611
160.083783	0.156840
160.117127	0.157728
160.150471	0.156834
160.183815	0.158615
160.217159	0.154173
160.250502	0.155953
160.283846	0.156840
160.317190	0.157727
160.350534	0.156834
160.383878	0.155072
160.417222	0.155952
160.450566	0.156840
160.483909	0.157724
160.517253	0.154174
160.550597	0.155952
160.583941	0.158611
160.617285	0.156840
160.650629	0.155938
160.683972	0.155072
160.717316	0.155952
160.750660	0.156840
160.784004	0.157724
160.817348	0.154166
160.850692	0.154174
160.884035	0.155952
160.917379	0.156840
160.950723	0.157728
160.984067	0.156834
161.017411	0.155072
161.050755	0.157721
161.084099	0.154173
161.117442	0.157723
161.150786	0.154166
161.184130	0.157712
161.217474	0.155060
161.250818	0.156840
161.284162	0.155938
161.317505	0.156834
161.350849	0.155066
161.384193	0.154174
161.417537	0.155952
161.450881	0.156840
161.484225	0.157728
161.517568	0.156834
161.550912	0.156825
161.584256	0.154166
161.617600	0.154166
161.650944	0.154166
161.684288	0.154174
161.717632	0.155952
161.750975	0.156840
161.784319	0.157728
161.817663	0.155066
161.851007	0.154174
161.884351	0.154174
161.917695	0.154174
161.951038	0.155952
161.984382	0.156840
162.017726	0.154185
162.051070	0.153285
162.084414	0.156825
162.117758	0.154166
162.151101	0.154168
162.184445	0.154170
162.217789	0.154174
162.251133	0.155952
162.284477	0.155059
162.317821	0.155050
162.351165	0.155938
162.384508	0.156832
162.417852	0.153285
162.451196	0.155065
162.484540	0.155952
162.517884	0.156840
162.551228	0.155945
162.584571	0.155946
162.617915	0.154185
162.651259	0.155065
162.684603	0.155953
162.717947	0.156841
162.751291	0.155945
162.784634	0.155945
162.817978	0.155946
162.851322	0.154185
162.884666	0.155065
162.918010	0.155952
162.951354	0.156841
162.984697	0.154179
163.018041	0.156834
163.051385	0.153285
163.084729	0.155065
163.118073	0.154174
163.151417	0.155952
163.184761	0.156837
163.218104	0.155065
163.251448	0.155952
163.284792	0.153298
163.318136	0.154179
163.351480	0.153287
163.384824	0.153284
163.418167	0.153284
163.451511	0.153287
163.484855	0.155065
163.518199	0.154165
163.551543	0.155057
163.584887	0.155059
163.618230	0.153298
163.651574	0.154178
163.684918	0.153278
163.718262	0.153283
163.751606	0.153287
163.784950	0.153285
163.818294	0.153278
163.851637	0.153287
163.884981	0.153278
163.918325	0.153285
163.951669	0.153285
163.985013	0.155065
164.018357	0.154170
164.051700	0.154170
164.085044	0.154172
164.118388	0.155953
164.151732	0.153298
164.185076	0.154179
164.218420	0.155066
164.251763	0.154174
164.285107	0.154174
164.318451	0.154174
164.351795	0.154172
164.385139	0.154173
164.418483	0.155953
164.451827	0.153298
164.485170	0.154179
164.518514	0.153278
164.551858	0.153285
164.585202	0.153285
164.618546	0.153287
164.651890	0.153287
164.685233	0.153287
164.718577	0.153287
164.751921	0.153283
164.785265	0.155066
164.818609	0.154170
164.851953	0.154174
164.885296	0.154174
164.918640	0.154170
164.951984	0.154170
164.985328	0.154170
165.018672	0.154172
165.052016	0.154163
165.085360	0.155057
165.118703	0.153298
165.152047	0.154179
165.185391	0.153287
165.218735	0.153284
165.252079	0.153283
165.285423	0.153283
165.318766	0.153285
165.352110	0.155066
165.385454	0.155953
165.418798	0.156841
165.452142	0.155938
165.485486	0.155066
165.518829	0.154174
165.552173	0.154174
165.585517	0.154170
165.618861	0.154173
165.652205	0.155953
165.685549	0.156841
165.718892	0.154179
165.752236	0.156836
165.785580	0.156825
165.818924	0.154170
165.852268	0.154168
165.885612	0.154173
165.918956	0.155952
165.952299	0.156841
165.985643	0.155946
166.018987	0.154179
166.052331	0.155065
166.085675	0.157719
166.119019	0.155952
166.152362	0.155050
166.185706	0.157724
166.219050	0.154174
166.252394	0.155952
166.285738	0.155052
166.319082	0.154185
166.352425	0.156836
166.385769	0.155066
166.419113	0.157723
166.452457	0.157723
166.485801	0.154170
166.519145	0.154168
166.552489	0.155952
166.585832	0.155060
166.619176	0.155052
166.652520	0.157728
166.685864	0.156834
166.719208	0.155066
166.752552	0.154173
166.785895	0.157723
166.819239	0.154170
166.852583	0.154170
166.885927	0.154173
166.919271	0.154173
166.952615	0.154170
166.985958	0.154170
167.019302	0.155952
167.052646	0.155062
167.085990	0.155050
167.119334	0.154180
167.152678	0.156832
167.186022	0.155065
167.219365	0.155952
167.252709	0.155059
167.286053	0.155050
167.319397	0.154185
167.352741	0.155065
167.386085	0.155952
167.419428	0.156840
167.452772	0.155946
167.486116	0.154179
167.519460	0.155065
167.552804	0.155952
167.586148	0.156840
167.619491	0.155946
167.652835	0.155938
167.686179	0.155066
167.719523	0.155952
167.752867	0.156840
167.786211	0.155946
167.819555	0.154179
167.852898	0.156834
167.886242	0.155066
167.919586	0.155952
167.952930	0.155059
167.986274	0.155050
168.019618	0.155946
168.052961	0.154179
168.086305	0.155065
168.119649	0.155952
168.152993	0.155050
168.186337	0.157727
168.219681	0.155065
168.253024	0.155952
168.286368	0.155059
168.319712	0.156841
168.353056	0.155945
168.386400	0.154179
168.419744	0.155065
168.453088	0.155952
168.486431	0.155057
168.519775	0.155059
168.553119	0.153292
168.586463	0.154178
168.619807	0.155065
168.653151	0.154172
168.686494	0.152403
168.719838	0.153291
168.753182	0.154178
168.786526	0.153284
168.819870	0.155066
168.853214	0.154172
168.886557	0.152404
168.919901	0.151511
168.953245	0.153292
168.986589	0.152400
169.019933	0.152400
169.053277	0.154178
169.086620	0.155066
169.119964	0.150623
169.153308	0.152403
169.186652	0.151511
169.219996	0.153291
169.253340	0.154179
169.286684	0.153287
169.320027	0.153284
169.353371	0.155065
169.386715	0.152403
169.420059	0.151511
169.453403	0.151503
169.486747	0.154179
169.520090	0.151516
169.553434	0.152403
169.586778	0.151511
169.620122	0.151511
169.653466	0.151506
169.686810	0.151508
169.720153	0.151511
169.753497	0.153292
169.786841	0.150629
169.820185	0.149736
169.853529	0.151516
169.886873	0.152403
169.920217	0.151511
169.953560	0.153292
169.986904	0.150629
170.020248	0.151516
170.053592	0.152403
170.086936	0.151513
170.120280	0.153291
170.153623	0.150630
170.186967	0.151516
170.220311	0.152403
170.253655	0.151513
170.286999	0.153291
170.320343	0.150630
170.353686	0.151516
170.387030	0.150623
